(-1 -88 +72 -48 +14 -124 +39 -58 -123 +25 +83 -49 +9 -3 -108 +116 -52 -75 +38 -102 +40 +87 +5 +86 +65 -113 -30 +103 -32 +17 +121 -4 -63 +54 -97 +95 -45 -56 +94 +61 -21 +112 +37 +73 -74 -64 +79 -55 +67 +96 +60 +117 -6 +90 +101 -2 -105 -76 +16 +23 -68 -7 -42 -28 +11 +110 +104 -34 +35 +44 -78 -80 -81 -43 +29 +71 -99 -20 -27 +92 +47 -18 -85 -77 +122 -120 -41 -109 -66 +106 +111 +31 +62 -46 +115 -53 -50 -13 +33 -22 -8 +93 -82 -57 -119 -69 -91 +19 +89 +114 -118 -70 -107 +36 -98 -12 -26 +100 +51 -84 +10 +24 +15 -59)
(+1 -88 +72 -48 +14 -124 +39 -58 -123 +25 +83 -49 +9 -3 -108 +116 -52 -75 +38 -102 +40 +87 +5 +86 +65 -113 -30 +103 -32 +17 +121 -4 -63 +54 -97 +95 -45 -56 +94 +61 -21 +112 +37 +73 -74 -64 +79 -55 +67 +96 +60 +117 -6 +90 +101 -2 -105 -76 +16 +23 -68 -7 -42 -28 +11 +110 +104 -34 +35 +44 -78 -80 -81 -43 +29 +71 -99 -20 -27 +92 +47 -18 -85 -77 +122 -120 -41 -109 -66 +106 +111 +31 +62 -46 +115 -53 -50 -13 +33 -22 -8 +93 -82 -57 -119 -69 -91 +19 +89 +114 -118 -70 -107 +36 -98 -12 -26 +100 +51 -84 +10 +24 +15 -59)
(+1 +2 -101 -90 +6 -117 -60 -96 -67 +55 -79 +64 +74 -73 -37 -112 +21 -61 -94 +56 +45 -95 +97 -54 +63 +4 -121 -17 +32 -103 +30 +113 -65 -86 -5 -87 -40 +102 -38 +75 +52 -116 +108 +3 -9 +49 -83 -25 +123 +58 -39 +124 -14 +48 -72 +88 -105 -76 +16 +23 -68 -7 -42 -28 +11 +110 +104 -34 +35 +44 -78 -80 -81 -43 +29 +71 -99 -20 -27 +92 +47 -18 -85 -77 +122 -120 -41 -109 -66 +106 +111 +31 +62 -46 +115 -53 -50 -13 +33 -22 -8 +93 -82 -57 -119 -69 -91 +19 +89 +114 -118 -70 -107 +36 -98 -12 -26 +100 +51 -84 +10 +24 +15 -59)
(+1 +2 -3 -108 +116 -52 -75 +38 -102 +40 +87 +5 +86 +65 -113 -30 +103 -32 +17 +121 -4 -63 +54 -97 +95 -45 -56 +94 +61 -21 +112 +37 +73 -74 -64 +79 -55 +67 +96 +60 +117 -6 +90 +101 -9 +49 -83 -25 +123 +58 -39 +124 -14 +48 -72 +88 -105 -76 +16 +23 -68 -7 -42 -28 +11 +110 +104 -34 +35 +44 -78 -80 -81 -43 +29 +71 -99 -20 -27 +92 +47 -18 -85 -77 +122 -120 -41 -109 -66 +106 +111 +31 +62 -46 +115 -53 -50 -13 +33 -22 -8 +93 -82 -57 -119 -69 -91 +19 +89 +114 -118 -70 -107 +36 -98 -12 -26 +100 +51 -84 +10 +24 +15 -59)
(+1 +2 +3 -108 +116 -52 -75 +38 -102 +40 +87 +5 +86 +65 -113 -30 +103 -32 +17 +121 -4 -63 +54 -97 +95 -45 -56 +94 +61 -21 +112 +37 +73 -74 -64 +79 -55 +67 +96 +60 +117 -6 +90 +101 -9 +49 -83 -25 +123 +58 -39 +124 -14 +48 -72 +88 -105 -76 +16 +23 -68 -7 -42 -28 +11 +110 +104 -34 +35 +44 -78 -80 -81 -43 +29 +71 -99 -20 -27 +92 +47 -18 -85 -77 +122 -120 -41 -109 -66 +106 +111 +31 +62 -46 +115 -53 -50 -13 +33 -22 -8 +93 -82 -57 -119 -69 -91 +19 +89 +114 -118 -70 -107 +36 -98 -12 -26 +100 +51 -84 +10 +24 +15 -59)
(+1 +2 +3 +4 -121 -17 +32 -103 +30 +113 -65 -86 -5 -87 -40 +102 -38 +75 +52 -116 +108 -63 +54 -97 +95 -45 -56 +94 +61 -21 +112 +37 +73 -74 -64 +79 -55 +67 +96 +60 +117 -6 +90 +101 -9 +49 -83 -25 +123 +58 -39 +124 -14 +48 -72 +88 -105 -76 +16 +23 -68 -7 -42 -28 +11 +110 +104 -34 +35 +44 -78 -80 -81 -43 +29 +71 -99 -20 -27 +92 +47 -18 -85 -77 +122 -120 -41 -109 -66 +106 +111 +31 +62 -46 +115 -53 -50 -13 +33 -22 -8 +93 -82 -57 -119 -69 -91 +19 +89 +114 -118 -70 -107 +36 -98 -12 -26 +100 +51 -84 +10 +24 +15 -59)
(+1 +2 +3 +4 +5 +86 +65 -113 -30 +103 -32 +17 +121 -87 -40 +102 -38 +75 +52 -116 +108 -63 +54 -97 +95 -45 -56 +94 +61 -21 +112 +37 +73 -74 -64 +79 -55 +67 +96 +60 +117 -6 +90 +101 -9 +49 -83 -25 +123 +58 -39 +124 -14 +48 -72 +88 -105 -76 +16 +23 -68 -7 -42 -28 +11 +110 +104 -34 +35 +44 -78 -80 -81 -43 +29 +71 -99 -20 -27 +92 +47 -18 -85 -77 +122 -120 -41 -109 -66 +106 +111 +31 +62 -46 +115 -53 -50 -13 +33 -22 -8 +93 -82 -57 -119 -69 -91 +19 +89 +114 -118 -70 -107 +36 -98 -12 -26 +100 +51 -84 +10 +24 +15 -59)
(+1 +2 +3 +4 +5 +6 -117 -60 -96 -67 +55 -79 +64 +74 -73 -37 -112 +21 -61 -94 +56 +45 -95 +97 -54 +63 -108 +116 -52 -75 +38 -102 +40 +87 -121 -17 +32 -103 +30 +113 -65 -86 +90 +101 -9 +49 -83 -25 +123 +58 -39 +124 -14 +48 -72 +88 -105 -76 +16 +23 -68 -7 -42 -28 +11 +110 +104 -34 +35 +44 -78 -80 -81 -43 +29 +71 -99 -20 -27 +92 +47 -18 -85 -77 +122 -120 -41 -109 -66 +106 +111 +31 +62 -46 +115 -53 -50 -13 +33 -22 -8 +93 -82 -57 -119 -69 -91 +19 +89 +114 -118 -70 -107 +36 -98 -12 -26 +100 +51 -84 +10 +24 +15 -59)
(+1 +2 +3 +4 +5 +6 +7 +68 -23 -16 +76 +105 -88 +72 -48 +14 -124 +39 -58 -123 +25 +83 -49 +9 -101 -90 +86 +65 -113 -30 +103 -32 +17 +121 -87 -40 +102 -38 +75 +52 -116 +108 -63 +54 -97 +95 -45 -56 +94 +61 -21 +112 +37 +73 -74 -64 +79 -55 +67 +96 +60 +117 -42 -28 +11 +110 +104 -34 +35 +44 -78 -80 -81 -43 +29 +71 -99 -20 -27 +92 +47 -18 -85 -77 +122 -120 -41 -109 -66 +106 +111 +31 +62 -46 +115 -53 -50 -13 +33 -22 -8 +93 -82 -57 -119 -69 -91 +19 +89 +114 -118 -70 -107 +36 -98 -12 -26 +100 +51 -84 +10 +24 +15 -59)
(+1 +2 +3 +4 +5 +6 +7 +8 +22 -33 +13 +50 +53 -115 +46 -62 -31 -111 -106 +66 +109 +41 +120 -122 +77 +85 +18 -47 -92 +27 +20 +99 -71 -29 +43 +81 +80 +78 -44 -35 +34 -104 -110 -11 +28 +42 -117 -60 -96 -67 +55 -79 +64 +74 -73 -37 -112 +21 -61 -94 +56 +45 -95 +97 -54 +63 -108 +116 -52 -75 +38 -102 +40 +87 -121 -17 +32 -103 +30 +113 -65 -86 +90 +101 -9 +49 -83 -25 +123 +58 -39 +124 -14 +48 -72 +88 -105 -76 +16 +23 -68 +93 -82 -57 -119 -69 -91 +19 +89 +114 -118 -70 -107 +36 -98 -12 -26 +100 +51 -84 +10 +24 +15 -59)
(+1 +2 +3 +4 +5 +6 +7 +8 +9 -101 -90 +86 +65 -113 -30 +103 -32 +17 +121 -87 -40 +102 -38 +75 +52 -116 +108 -63 +54 -97 +95 -45 -56 +94 +61 -21 +112 +37 +73 -74 -64 +79 -55 +67 +96 +60 +117 -42 -28 +11 +110 +104 -34 +35 +44 -78 -80 -81 -43 +29 +71 -99 -20 -27 +92 +47 -18 -85 -77 +122 -120 -41 -109 -66 +106 +111 +31 +62 -46 +115 -53 -50 -13 +33 -22 +49 -83 -25 +123 +58 -39 +124 -14 +48 -72 +88 -105 -76 +16 +23 -68 +93 -82 -57 -119 -69 -91 +19 +89 +114 -118 -70 -107 +36 -98 -12 -26 +100 +51 -84 +10 +24 +15 -59)
(+1 +2 +3 +4 +5 +6 +7 +8 +9 -10 +84 -51 -100 +26 +12 +98 -36 +107 +70 +118 -114 -89 -19 +91 +69 +119 +57 +82 -93 +68 -23 -16 +76 +105 -88 +72 -48 +14 -124 +39 -58 -123 +25 +83 -49 +22 -33 +13 +50 +53 -115 +46 -62 -31 -111 -106 +66 +109 +41 +120 -122 +77 +85 +18 -47 -92 +27 +20 +99 -71 -29 +43 +81 +80 +78 -44 -35 +34 -104 -110 -11 +28 +42 -117 -60 -96 -67 +55 -79 +64 +74 -73 -37 -112 +21 -61 -94 +56 +45 -95 +97 -54 +63 -108 +116 -52 -75 +38 -102 +40 +87 -121 -17 +32 -103 +30 +113 -65 -86 +90 +101 +24 +15 -59)
(+1 +2 +3 +4 +5 +6 +7 +8 +9 +10 +84 -51 -100 +26 +12 +98 -36 +107 +70 +118 -114 -89 -19 +91 +69 +119 +57 +82 -93 +68 -23 -16 +76 +105 -88 +72 -48 +14 -124 +39 -58 -123 +25 +83 -49 +22 -33 +13 +50 +53 -115 +46 -62 -31 -111 -106 +66 +109 +41 +120 -122 +77 +85 +18 -47 -92 +27 +20 +99 -71 -29 +43 +81 +80 +78 -44 -35 +34 -104 -110 -11 +28 +42 -117 -60 -96 -67 +55 -79 +64 +74 -73 -37 -112 +21 -61 -94 +56 +45 -95 +97 -54 +63 -108 +116 -52 -75 +38 -102 +40 +87 -121 -17 +32 -103 +30 +113 -65 -86 +90 +101 +24 +15 -59)
(+1 +2 +3 +4 +5 +6 +7 +8 +9 +10 +11 +110 +104 -34 +35 +44 -78 -80 -81 -43 +29 +71 -99 -20 -27 +92 +47 -18 -85 -77 +122 -120 -41 -109 -66 +106 +111 +31 +62 -46 +115 -53 -50 -13 +33 -22 +49 -83 -25 +123 +58 -39 +124 -14 +48 -72 +88 -105 -76 +16 +23 -68 +93 -82 -57 -119 -69 -91 +19 +89 +114 -118 -70 -107 +36 -98 -12 -26 +100 +51 -84 +28 +42 -117 -60 -96 -67 +55 -79 +64 +74 -73 -37 -112 +21 -61 -94 +56 +45 -95 +97 -54 +63 -108 +116 -52 -75 +38 -102 +40 +87 -121 -17 +32 -103 +30 +113 -65 -86 +90 +101 +24 +15 -59)
(+1 +2 +3 +4 +5 +6 +7 +8 +9 +10 +11 +12 +98 -36 +107 +70 +118 -114 -89 -19 +91 +69 +119 +57 +82 -93 +68 -23 -16 +76 +105 -88 +72 -48 +14 -124 +39 -58 -123 +25 +83 -49 +22 -33 +13 +50 +53 -115 +46 -62 -31 -111 -106 +66 +109 +41 +120 -122 +77 +85 +18 -47 -92 +27 +20 +99 -71 -29 +43 +81 +80 +78 -44 -35 +34 -104 -110 -26 +100 +51 -84 +28 +42 -117 -60 -96 -67 +55 -79 +64 +74 -73 -37 -112 +21 -61 -94 +56 +45 -95 +97 -54 +63 -108 +116 -52 -75 +38 -102 +40 +87 -121 -17 +32 -103 +30 +113 -65 -86 +90 +101 +24 +15 -59)
(+1 +2 +3 +4 +5 +6 +7 +8 +9 +10 +11 +12 -13 +33 -22 +49 -83 -25 +123 +58 -39 +124 -14 +48 -72 +88 -105 -76 +16 +23 -68 +93 -82 -57 -119 -69 -91 +19 +89 +114 -118 -70 -107 +36 -98 +50 +53 -115 +46 -62 -31 -111 -106 +66 +109 +41 +120 -122 +77 +85 +18 -47 -92 +27 +20 +99 -71 -29 +43 +81 +80 +78 -44 -35 +34 -104 -110 -26 +100 +51 -84 +28 +42 -117 -60 -96 -67 +55 -79 +64 +74 -73 -37 -112 +21 -61 -94 +56 +45 -95 +97 -54 +63 -108 +116 -52 -75 +38 -102 +40 +87 -121 -17 +32 -103 +30 +113 -65 -86 +90 +101 +24 +15 -59)
(+1 +2 +3 +4 +5 +6 +7 +8 +9 +10 +11 +12 +13 +33 -22 +49 -83 -25 +123 +58 -39 +124 -14 +48 -72 +88 -105 -76 +16 +23 -68 +93 -82 -57 -119 -69 -91 +19 +89 +114 -118 -70 -107 +36 -98 +50 +53 -115 +46 -62 -31 -111 -106 +66 +109 +41 +120 -122 +77 +85 +18 -47 -92 +27 +20 +99 -71 -29 +43 +81 +80 +78 -44 -35 +34 -104 -110 -26 +100 +51 -84 +28 +42 -117 -60 -96 -67 +55 -79 +64 +74 -73 -37 -112 +21 -61 -94 +56 +45 -95 +97 -54 +63 -108 +116 -52 -75 +38 -102 +40 +87 -121 -17 +32 -103 +30 +113 -65 -86 +90 +101 +24 +15 -59)
(+1 +2 +3 +4 +5 +6 +7 +8 +9 +10 +11 +12 +13 +14 -124 +39 -58 -123 +25 +83 -49 +22 -33 +48 -72 +88 -105 -76 +16 +23 -68 +93 -82 -57 -119 -69 -91 +19 +89 +114 -118 -70 -107 +36 -98 +50 +53 -115 +46 -62 -31 -111 -106 +66 +109 +41 +120 -122 +77 +85 +18 -47 -92 +27 +20 +99 -71 -29 +43 +81 +80 +78 -44 -35 +34 -104 -110 -26 +100 +51 -84 +28 +42 -117 -60 -96 -67 +55 -79 +64 +74 -73 -37 -112 +21 -61 -94 +56 +45 -95 +97 -54 +63 -108 +116 -52 -75 +38 -102 +40 +87 -121 -17 +32 -103 +30 +113 -65 -86 +90 +101 +24 +15 -59)
(+1 +2 +3 +4 +5 +6 +7 +8 +9 +10 +11 +12 +13 +14 -15 -24 -101 -90 +86 +65 -113 -30 +103 -32 +17 +121 -87 -40 +102 -38 +75 +52 -116 +108 -63 +54 -97 +95 -45 -56 +94 +61 -21 +112 +37 +73 -74 -64 +79 -55 +67 +96 +60 +117 -42 -28 +84 -51 -100 +26 +110 +104 -34 +35 +44 -78 -80 -81 -43 +29 +71 -99 -20 -27 +92 +47 -18 -85 -77 +122 -120 -41 -109 -66 +106 +111 +31 +62 -46 +115 -53 -50 +98 -36 +107 +70 +118 -114 -89 -19 +91 +69 +119 +57 +82 -93 +68 -23 -16 +76 +105 -88 +72 -48 +33 -22 +49 -83 -25 +123 +58 -39 +124 -59)
(+1 +2 +3 +4 +5 +6 +7 +8 +9 +10 +11 +12 +13 +14 +15 -24 -101 -90 +86 +65 -113 -30 +103 -32 +17 +121 -87 -40 +102 -38 +75 +52 -116 +108 -63 +54 -97 +95 -45 -56 +94 +61 -21 +112 +37 +73 -74 -64 +79 -55 +67 +96 +60 +117 -42 -28 +84 -51 -100 +26 +110 +104 -34 +35 +44 -78 -80 -81 -43 +29 +71 -99 -20 -27 +92 +47 -18 -85 -77 +122 -120 -41 -109 -66 +106 +111 +31 +62 -46 +115 -53 -50 +98 -36 +107 +70 +118 -114 -89 -19 +91 +69 +119 +57 +82 -93 +68 -23 -16 +76 +105 -88 +72 -48 +33 -22 +49 -83 -25 +123 +58 -39 +124 -59)
(+1 +2 +3 +4 +5 +6 +7 +8 +9 +10 +11 +12 +13 +14 +15 +16 +23 -68 +93 -82 -57 -119 -69 -91 +19 +89 +114 -118 -70 -107 +36 -98 +50 +53 -115 +46 -62 -31 -111 -106 +66 +109 +41 +120 -122 +77 +85 +18 -47 -92 +27 +20 +99 -71 -29 +43 +81 +80 +78 -44 -35 +34 -104 -110 -26 +100 +51 -84 +28 +42 -117 -60 -96 -67 +55 -79 +64 +74 -73 -37 -112 +21 -61 -94 +56 +45 -95 +97 -54 +63 -108 +116 -52 -75 +38 -102 +40 +87 -121 -17 +32 -103 +30 +113 -65 -86 +90 +101 +24 +76 +105 -88 +72 -48 +33 -22 +49 -83 -25 +123 +58 -39 +124 -59)
(+1 +2 +3 +4 +5 +6 +7 +8 +9 +10 +11 +12 +13 +14 +15 +16 +17 +121 -87 -40 +102 -38 +75 +52 -116 +108 -63 +54 -97 +95 -45 -56 +94 +61 -21 +112 +37 +73 -74 -64 +79 -55 +67 +96 +60 +117 -42 -28 +84 -51 -100 +26 +110 +104 -34 +35 +44 -78 -80 -81 -43 +29 +71 -99 -20 -27 +92 +47 -18 -85 -77 +122 -120 -41 -109 -66 +106 +111 +31 +62 -46 +115 -53 -50 +98 -36 +107 +70 +118 -114 -89 -19 +91 +69 +119 +57 +82 -93 +68 -23 +32 -103 +30 +113 -65 -86 +90 +101 +24 +76 +105 -88 +72 -48 +33 -22 +49 -83 -25 +123 +58 -39 +124 -59)
(+1 +2 +3 +4 +5 +6 +7 +8 +9 +10 +11 +12 +13 +14 +15 +16 +17 +18 -47 -92 +27 +20 +99 -71 -29 +43 +81 +80 +78 -44 -35 +34 -104 -110 -26 +100 +51 -84 +28 +42 -117 -60 -96 -67 +55 -79 +64 +74 -73 -37 -112 +21 -61 -94 +56 +45 -95 +97 -54 +63 -108 +116 -52 -75 +38 -102 +40 +87 -121 -85 -77 +122 -120 -41 -109 -66 +106 +111 +31 +62 -46 +115 -53 -50 +98 -36 +107 +70 +118 -114 -89 -19 +91 +69 +119 +57 +82 -93 +68 -23 +32 -103 +30 +113 -65 -86 +90 +101 +24 +76 +105 -88 +72 -48 +33 -22 +49 -83 -25 +123 +58 -39 +124 -59)
(+1 +2 +3 +4 +5 +6 +7 +8 +9 +10 +11 +12 +13 +14 +15 +16 +17 +18 +19 +89 +114 -118 -70 -107 +36 -98 +50 +53 -115 +46 -62 -31 -111 -106 +66 +109 +41 +120 -122 +77 +85 +121 -87 -40 +102 -38 +75 +52 -116 +108 -63 +54 -97 +95 -45 -56 +94 +61 -21 +112 +37 +73 -74 -64 +79 -55 +67 +96 +60 +117 -42 -28 +84 -51 -100 +26 +110 +104 -34 +35 +44 -78 -80 -81 -43 +29 +71 -99 -20 -27 +92 +47 +91 +69 +119 +57 +82 -93 +68 -23 +32 -103 +30 +113 -65 -86 +90 +101 +24 +76 +105 -88 +72 -48 +33 -22 +49 -83 -25 +123 +58 -39 +124 -59)
(+1 +2 +3 +4 +5 +6 +7 +8 +9 +10 +11 +12 +13 +14 +15 +16 +17 +18 +19 +20 +99 -71 -29 +43 +81 +80 +78 -44 -35 +34 -104 -110 -26 +100 +51 -84 +28 +42 -117 -60 -96 -67 +55 -79 +64 +74 -73 -37 -112 +21 -61 -94 +56 +45 -95 +97 -54 +63 -108 +116 -52 -75 +38 -102 +40 +87 -121 -85 -77 +122 -120 -41 -109 -66 +106 +111 +31 +62 -46 +115 -53 -50 +98 -36 +107 +70 +118 -114 -89 -27 +92 +47 +91 +69 +119 +57 +82 -93 +68 -23 +32 -103 +30 +113 -65 -86 +90 +101 +24 +76 +105 -88 +72 -48 +33 -22 +49 -83 -25 +123 +58 -39 +124 -59)
(+1 +2 +3 +4 +5 +6 +7 +8 +9 +10 +11 +12 +13 +14 +15 +16 +17 +18 +19 +20 -21 +112 +37 +73 -74 -64 +79 -55 +67 +96 +60 +117 -42 -28 +84 -51 -100 +26 +110 +104 -34 +35 +44 -78 -80 -81 -43 +29 +71 -99 -61 -94 +56 +45 -95 +97 -54 +63 -108 +116 -52 -75 +38 -102 +40 +87 -121 -85 -77 +122 -120 -41 -109 -66 +106 +111 +31 +62 -46 +115 -53 -50 +98 -36 +107 +70 +118 -114 -89 -27 +92 +47 +91 +69 +119 +57 +82 -93 +68 -23 +32 -103 +30 +113 -65 -86 +90 +101 +24 +76 +105 -88 +72 -48 +33 -22 +49 -83 -25 +123 +58 -39 +124 -59)
(+1 +2 +3 +4 +5 +6 +7 +8 +9 +10 +11 +12 +13 +14 +15 +16 +17 +18 +19 +20 +21 +112 +37 +73 -74 -64 +79 -55 +67 +96 +60 +117 -42 -28 +84 -51 -100 +26 +110 +104 -34 +35 +44 -78 -80 -81 -43 +29 +71 -99 -61 -94 +56 +45 -95 +97 -54 +63 -108 +116 -52 -75 +38 -102 +40 +87 -121 -85 -77 +122 -120 -41 -109 -66 +106 +111 +31 +62 -46 +115 -53 -50 +98 -36 +107 +70 +118 -114 -89 -27 +92 +47 +91 +69 +119 +57 +82 -93 +68 -23 +32 -103 +30 +113 -65 -86 +90 +101 +24 +76 +105 -88 +72 -48 +33 -22 +49 -83 -25 +123 +58 -39 +124 -59)
(+1 +2 +3 +4 +5 +6 +7 +8 +9 +10 +11 +12 +13 +14 +15 +16 +17 +18 +19 +20 +21 +22 -33 +48 -72 +88 -105 -76 -24 -101 -90 +86 +65 -113 -30 +103 -32 +23 -68 +93 -82 -57 -119 -69 -91 -47 -92 +27 +89 +114 -118 -70 -107 +36 -98 +50 +53 -115 +46 -62 -31 -111 -106 +66 +109 +41 +120 -122 +77 +85 +121 -87 -40 +102 -38 +75 +52 -116 +108 -63 +54 -97 +95 -45 -56 +94 +61 +99 -71 -29 +43 +81 +80 +78 -44 -35 +34 -104 -110 -26 +100 +51 -84 +28 +42 -117 -60 -96 -67 +55 -79 +64 +74 -73 -37 -112 +49 -83 -25 +123 +58 -39 +124 -59)
(+1 +2 +3 +4 +5 +6 +7 +8 +9 +10 +11 +12 +13 +14 +15 +16 +17 +18 +19 +20 +21 +22 -23 +32 -103 +30 +113 -65 -86 +90 +101 +24 +76 +105 -88 +72 -48 +33 -68 +93 -82 -57 -119 -69 -91 -47 -92 +27 +89 +114 -118 -70 -107 +36 -98 +50 +53 -115 +46 -62 -31 -111 -106 +66 +109 +41 +120 -122 +77 +85 +121 -87 -40 +102 -38 +75 +52 -116 +108 -63 +54 -97 +95 -45 -56 +94 +61 +99 -71 -29 +43 +81 +80 +78 -44 -35 +34 -104 -110 -26 +100 +51 -84 +28 +42 -117 -60 -96 -67 +55 -79 +64 +74 -73 -37 -112 +49 -83 -25 +123 +58 -39 +124 -59)
(+1 +2 +3 +4 +5 +6 +7 +8 +9 +10 +11 +12 +13 +14 +15 +16 +17 +18 +19 +20 +21 +22 +23 +32 -103 +30 +113 -65 -86 +90 +101 +24 +76 +105 -88 +72 -48 +33 -68 +93 -82 -57 -119 -69 -91 -47 -92 +27 +89 +114 -118 -70 -107 +36 -98 +50 +53 -115 +46 -62 -31 -111 -106 +66 +109 +41 +120 -122 +77 +85 +121 -87 -40 +102 -38 +75 +52 -116 +108 -63 +54 -97 +95 -45 -56 +94 +61 +99 -71 -29 +43 +81 +80 +78 -44 -35 +34 -104 -110 -26 +100 +51 -84 +28 +42 -117 -60 -96 -67 +55 -79 +64 +74 -73 -37 -112 +49 -83 -25 +123 +58 -39 +124 -59)
(+1 +2 +3 +4 +5 +6 +7 +8 +9 +10 +11 +12 +13 +14 +15 +16 +17 +18 +19 +20 +21 +22 +23 -24 -101 -90 +86 +65 -113 -30 +103 -32 +76 +105 -88 +72 -48 +33 -68 +93 -82 -57 -119 -69 -91 -47 -92 +27 +89 +114 -118 -70 -107 +36 -98 +50 +53 -115 +46 -62 -31 -111 -106 +66 +109 +41 +120 -122 +77 +85 +121 -87 -40 +102 -38 +75 +52 -116 +108 -63 +54 -97 +95 -45 -56 +94 +61 +99 -71 -29 +43 +81 +80 +78 -44 -35 +34 -104 -110 -26 +100 +51 -84 +28 +42 -117 -60 -96 -67 +55 -79 +64 +74 -73 -37 -112 +49 -83 -25 +123 +58 -39 +124 -59)
(+1 +2 +3 +4 +5 +6 +7 +8 +9 +10 +11 +12 +13 +14 +15 +16 +17 +18 +19 +20 +21 +22 +23 +24 -101 -90 +86 +65 -113 -30 +103 -32 +76 +105 -88 +72 -48 +33 -68 +93 -82 -57 -119 -69 -91 -47 -92 +27 +89 +114 -118 -70 -107 +36 -98 +50 +53 -115 +46 -62 -31 -111 -106 +66 +109 +41 +120 -122 +77 +85 +121 -87 -40 +102 -38 +75 +52 -116 +108 -63 +54 -97 +95 -45 -56 +94 +61 +99 -71 -29 +43 +81 +80 +78 -44 -35 +34 -104 -110 -26 +100 +51 -84 +28 +42 -117 -60 -96 -67 +55 -79 +64 +74 -73 -37 -112 +49 -83 -25 +123 +58 -39 +124 -59)
(+1 +2 +3 +4 +5 +6 +7 +8 +9 +10 +11 +12 +13 +14 +15 +16 +17 +18 +19 +20 +21 +22 +23 +24 +25 +83 -49 +112 +37 +73 -74 -64 +79 -55 +67 +96 +60 +117 -42 -28 +84 -51 -100 +26 +110 +104 -34 +35 +44 -78 -80 -81 -43 +29 +71 -99 -61 -94 +56 +45 -95 +97 -54 +63 -108 +116 -52 -75 +38 -102 +40 +87 -121 -85 -77 +122 -120 -41 -109 -66 +106 +111 +31 +62 -46 +115 -53 -50 +98 -36 +107 +70 +118 -114 -89 -27 +92 +47 +91 +69 +119 +57 +82 -93 +68 -33 +48 -72 +88 -105 -76 +32 -103 +30 +113 -65 -86 +90 +101 +123 +58 -39 +124 -59)
(+1 +2 +3 +4 +5 +6 +7 +8 +9 +10 +11 +12 +13 +14 +15 +16 +17 +18 +19 +20 +21 +22 +23 +24 +25 -26 +100 +51 -84 +28 +42 -117 -60 -96 -67 +55 -79 +64 +74 -73 -37 -112 +49 -83 +110 +104 -34 +35 +44 -78 -80 -81 -43 +29 +71 -99 -61 -94 +56 +45 -95 +97 -54 +63 -108 +116 -52 -75 +38 -102 +40 +87 -121 -85 -77 +122 -120 -41 -109 -66 +106 +111 +31 +62 -46 +115 -53 -50 +98 -36 +107 +70 +118 -114 -89 -27 +92 +47 +91 +69 +119 +57 +82 -93 +68 -33 +48 -72 +88 -105 -76 +32 -103 +30 +113 -65 -86 +90 +101 +123 +58 -39 +124 -59)
(+1 +2 +3 +4 +5 +6 +7 +8 +9 +10 +11 +12 +13 +14 +15 +16 +17 +18 +19 +20 +21 +22 +23 +24 +25 +26 +100 +51 -84 +28 +42 -117 -60 -96 -67 +55 -79 +64 +74 -73 -37 -112 +49 -83 +110 +104 -34 +35 +44 -78 -80 -81 -43 +29 +71 -99 -61 -94 +56 +45 -95 +97 -54 +63 -108 +116 -52 -75 +38 -102 +40 +87 -121 -85 -77 +122 -120 -41 -109 -66 +106 +111 +31 +62 -46 +115 -53 -50 +98 -36 +107 +70 +118 -114 -89 -27 +92 +47 +91 +69 +119 +57 +82 -93 +68 -33 +48 -72 +88 -105 -76 +32 -103 +30 +113 -65 -86 +90 +101 +123 +58 -39 +124 -59)
(+1 +2 +3 +4 +5 +6 +7 +8 +9 +10 +11 +12 +13 +14 +15 +16 +17 +18 +19 +20 +21 +22 +23 +24 +25 +26 +27 +89 +114 -118 -70 -107 +36 -98 +50 +53 -115 +46 -62 -31 -111 -106 +66 +109 +41 +120 -122 +77 +85 +121 -87 -40 +102 -38 +75 +52 -116 +108 -63 +54 -97 +95 -45 -56 +94 +61 +99 -71 -29 +43 +81 +80 +78 -44 -35 +34 -104 -110 +83 -49 +112 +37 +73 -74 -64 +79 -55 +67 +96 +60 +117 -42 -28 +84 -51 -100 +92 +47 +91 +69 +119 +57 +82 -93 +68 -33 +48 -72 +88 -105 -76 +32 -103 +30 +113 -65 -86 +90 +101 +123 +58 -39 +124 -59)
(+1 +2 +3 +4 +5 +6 +7 +8 +9 +10 +11 +12 +13 +14 +15 +16 +17 +18 +19 +20 +21 +22 +23 +24 +25 +26 +27 +28 +42 -117 -60 -96 -67 +55 -79 +64 +74 -73 -37 -112 +49 -83 +110 +104 -34 +35 +44 -78 -80 -81 -43 +29 +71 -99 -61 -94 +56 +45 -95 +97 -54 +63 -108 +116 -52 -75 +38 -102 +40 +87 -121 -85 -77 +122 -120 -41 -109 -66 +106 +111 +31 +62 -46 +115 -53 -50 +98 -36 +107 +70 +118 -114 -89 +84 -51 -100 +92 +47 +91 +69 +119 +57 +82 -93 +68 -33 +48 -72 +88 -105 -76 +32 -103 +30 +113 -65 -86 +90 +101 +123 +58 -39 +124 -59)
(+1 +2 +3 +4 +5 +6 +7 +8 +9 +10 +11 +12 +13 +14 +15 +16 +17 +18 +19 +20 +21 +22 +23 +24 +25 +26 +27 +28 -29 +43 +81 +80 +78 -44 -35 +34 -104 -110 +83 -49 +112 +37 +73 -74 -64 +79 -55 +67 +96 +60 +117 -42 +71 -99 -61 -94 +56 +45 -95 +97 -54 +63 -108 +116 -52 -75 +38 -102 +40 +87 -121 -85 -77 +122 -120 -41 -109 -66 +106 +111 +31 +62 -46 +115 -53 -50 +98 -36 +107 +70 +118 -114 -89 +84 -51 -100 +92 +47 +91 +69 +119 +57 +82 -93 +68 -33 +48 -72 +88 -105 -76 +32 -103 +30 +113 -65 -86 +90 +101 +123 +58 -39 +124 -59)
(+1 +2 +3 +4 +5 +6 +7 +8 +9 +10 +11 +12 +13 +14 +15 +16 +17 +18 +19 +20 +21 +22 +23 +24 +25 +26 +27 +28 +29 +43 +81 +80 +78 -44 -35 +34 -104 -110 +83 -49 +112 +37 +73 -74 -64 +79 -55 +67 +96 +60 +117 -42 +71 -99 -61 -94 +56 +45 -95 +97 -54 +63 -108 +116 -52 -75 +38 -102 +40 +87 -121 -85 -77 +122 -120 -41 -109 -66 +106 +111 +31 +62 -46 +115 -53 -50 +98 -36 +107 +70 +118 -114 -89 +84 -51 -100 +92 +47 +91 +69 +119 +57 +82 -93 +68 -33 +48 -72 +88 -105 -76 +32 -103 +30 +113 -65 -86 +90 +101 +123 +58 -39 +124 -59)
(+1 +2 +3 +4 +5 +6 +7 +8 +9 +10 +11 +12 +13 +14 +15 +16 +17 +18 +19 +20 +21 +22 +23 +24 +25 +26 +27 +28 +29 -30 +103 -32 +76 +105 -88 +72 -48 +33 -68 +93 -82 -57 -119 -69 -91 -47 -92 +100 +51 -84 +89 +114 -118 -70 -107 +36 -98 +50 +53 -115 +46 -62 -31 -111 -106 +66 +109 +41 +120 -122 +77 +85 +121 -87 -40 +102 -38 +75 +52 -116 +108 -63 +54 -97 +95 -45 -56 +94 +61 +99 -71 +42 -117 -60 -96 -67 +55 -79 +64 +74 -73 -37 -112 +49 -83 +110 +104 -34 +35 +44 -78 -80 -81 -43 +113 -65 -86 +90 +101 +123 +58 -39 +124 -59)
(+1 +2 +3 +4 +5 +6 +7 +8 +9 +10 +11 +12 +13 +14 +15 +16 +17 +18 +19 +20 +21 +22 +23 +24 +25 +26 +27 +28 +29 +30 +103 -32 +76 +105 -88 +72 -48 +33 -68 +93 -82 -57 -119 -69 -91 -47 -92 +100 +51 -84 +89 +114 -118 -70 -107 +36 -98 +50 +53 -115 +46 -62 -31 -111 -106 +66 +109 +41 +120 -122 +77 +85 +121 -87 -40 +102 -38 +75 +52 -116 +108 -63 +54 -97 +95 -45 -56 +94 +61 +99 -71 +42 -117 -60 -96 -67 +55 -79 +64 +74 -73 -37 -112 +49 -83 +110 +104 -34 +35 +44 -78 -80 -81 -43 +113 -65 -86 +90 +101 +123 +58 -39 +124 -59)
(+1 +2 +3 +4 +5 +6 +7 +8 +9 +10 +11 +12 +13 +14 +15 +16 +17 +18 +19 +20 +21 +22 +23 +24 +25 +26 +27 +28 +29 +30 +31 +62 -46 +115 -53 -50 +98 -36 +107 +70 +118 -114 -89 +84 -51 -100 +92 +47 +91 +69 +119 +57 +82 -93 +68 -33 +48 -72 +88 -105 -76 +32 -103 -111 -106 +66 +109 +41 +120 -122 +77 +85 +121 -87 -40 +102 -38 +75 +52 -116 +108 -63 +54 -97 +95 -45 -56 +94 +61 +99 -71 +42 -117 -60 -96 -67 +55 -79 +64 +74 -73 -37 -112 +49 -83 +110 +104 -34 +35 +44 -78 -80 -81 -43 +113 -65 -86 +90 +101 +123 +58 -39 +124 -59)
(+1 +2 +3 +4 +5 +6 +7 +8 +9 +10 +11 +12 +13 +14 +15 +16 +17 +18 +19 +20 +21 +22 +23 +24 +25 +26 +27 +28 +29 +30 +31 -32 +76 +105 -88 +72 -48 +33 -68 +93 -82 -57 -119 -69 -91 -47 -92 +100 +51 -84 +89 +114 -118 -70 -107 +36 -98 +50 +53 -115 +46 -62 -103 -111 -106 +66 +109 +41 +120 -122 +77 +85 +121 -87 -40 +102 -38 +75 +52 -116 +108 -63 +54 -97 +95 -45 -56 +94 +61 +99 -71 +42 -117 -60 -96 -67 +55 -79 +64 +74 -73 -37 -112 +49 -83 +110 +104 -34 +35 +44 -78 -80 -81 -43 +113 -65 -86 +90 +101 +123 +58 -39 +124 -59)
(+1 +2 +3 +4 +5 +6 +7 +8 +9 +10 +11 +12 +13 +14 +15 +16 +17 +18 +19 +20 +21 +22 +23 +24 +25 +26 +27 +28 +29 +30 +31 +32 +76 +105 -88 +72 -48 +33 -68 +93 -82 -57 -119 -69 -91 -47 -92 +100 +51 -84 +89 +114 -118 -70 -107 +36 -98 +50 +53 -115 +46 -62 -103 -111 -106 +66 +109 +41 +120 -122 +77 +85 +121 -87 -40 +102 -38 +75 +52 -116 +108 -63 +54 -97 +95 -45 -56 +94 +61 +99 -71 +42 -117 -60 -96 -67 +55 -79 +64 +74 -73 -37 -112 +49 -83 +110 +104 -34 +35 +44 -78 -80 -81 -43 +113 -65 -86 +90 +101 +123 +58 -39 +124 -59)
(+1 +2 +3 +4 +5 +6 +7 +8 +9 +10 +11 +12 +13 +14 +15 +16 +17 +18 +19 +20 +21 +22 +23 +24 +25 +26 +27 +28 +29 +30 +31 +32 -33 +48 -72 +88 -105 -76 -68 +93 -82 -57 -119 -69 -91 -47 -92 +100 +51 -84 +89 +114 -118 -70 -107 +36 -98 +50 +53 -115 +46 -62 -103 -111 -106 +66 +109 +41 +120 -122 +77 +85 +121 -87 -40 +102 -38 +75 +52 -116 +108 -63 +54 -97 +95 -45 -56 +94 +61 +99 -71 +42 -117 -60 -96 -67 +55 -79 +64 +74 -73 -37 -112 +49 -83 +110 +104 -34 +35 +44 -78 -80 -81 -43 +113 -65 -86 +90 +101 +123 +58 -39 +124 -59)
(+1 +2 +3 +4 +5 +6 +7 +8 +9 +10 +11 +12 +13 +14 +15 +16 +17 +18 +19 +20 +21 +22 +23 +24 +25 +26 +27 +28 +29 +30 +31 +32 +33 +48 -72 +88 -105 -76 -68 +93 -82 -57 -119 -69 -91 -47 -92 +100 +51 -84 +89 +114 -118 -70 -107 +36 -98 +50 +53 -115 +46 -62 -103 -111 -106 +66 +109 +41 +120 -122 +77 +85 +121 -87 -40 +102 -38 +75 +52 -116 +108 -63 +54 -97 +95 -45 -56 +94 +61 +99 -71 +42 -117 -60 -96 -67 +55 -79 +64 +74 -73 -37 -112 +49 -83 +110 +104 -34 +35 +44 -78 -80 -81 -43 +113 -65 -86 +90 +101 +123 +58 -39 +124 -59)
(+1 +2 +3 +4 +5 +6 +7 +8 +9 +10 +11 +12 +13 +14 +15 +16 +17 +18 +19 +20 +21 +22 +23 +24 +25 +26 +27 +28 +29 +30 +31 +32 +33 +34 -104 -110 +83 -49 +112 +37 +73 -74 -64 +79 -55 +67 +96 +60 +117 -42 +71 -99 -61 -94 +56 +45 -95 +97 -54 +63 -108 +116 -52 -75 +38 -102 +40 +87 -121 -85 -77 +122 -120 -41 -109 -66 +106 +111 +103 +62 -46 +115 -53 -50 +98 -36 +107 +70 +118 -114 -89 +84 -51 -100 +92 +47 +91 +69 +119 +57 +82 -93 +68 +76 +105 -88 +72 -48 +35 +44 -78 -80 -81 -43 +113 -65 -86 +90 +101 +123 +58 -39 +124 -59)
(+1 +2 +3 +4 +5 +6 +7 +8 +9 +10 +11 +12 +13 +14 +15 +16 +17 +18 +19 +20 +21 +22 +23 +24 +25 +26 +27 +28 +29 +30 +31 +32 +33 +34 -35 +48 -72 +88 -105 -76 -68 +93 -82 -57 -119 -69 -91 -47 -92 +100 +51 -84 +89 +114 -118 -70 -107 +36 -98 +50 +53 -115 +46 -62 -103 -111 -106 +66 +109 +41 +120 -122 +77 +85 +121 -87 -40 +102 -38 +75 +52 -116 +108 -63 +54 -97 +95 -45 -56 +94 +61 +99 -71 +42 -117 -60 -96 -67 +55 -79 +64 +74 -73 -37 -112 +49 -83 +110 +104 +44 -78 -80 -81 -43 +113 -65 -86 +90 +101 +123 +58 -39 +124 -59)
(+1 +2 +3 +4 +5 +6 +7 +8 +9 +10 +11 +12 +13 +14 +15 +16 +17 +18 +19 +20 +21 +22 +23 +24 +25 +26 +27 +28 +29 +30 +31 +32 +33 +34 +35 +48 -72 +88 -105 -76 -68 +93 -82 -57 -119 -69 -91 -47 -92 +100 +51 -84 +89 +114 -118 -70 -107 +36 -98 +50 +53 -115 +46 -62 -103 -111 -106 +66 +109 +41 +120 -122 +77 +85 +121 -87 -40 +102 -38 +75 +52 -116 +108 -63 +54 -97 +95 -45 -56 +94 +61 +99 -71 +42 -117 -60 -96 -67 +55 -79 +64 +74 -73 -37 -112 +49 -83 +110 +104 +44 -78 -80 -81 -43 +113 -65 -86 +90 +101 +123 +58 -39 +124 -59)
(+1 +2 +3 +4 +5 +6 +7 +8 +9 +10 +11 +12 +13 +14 +15 +16 +17 +18 +19 +20 +21 +22 +23 +24 +25 +26 +27 +28 +29 +30 +31 +32 +33 +34 +35 -36 +107 +70 +118 -114 -89 +84 -51 -100 +92 +47 +91 +69 +119 +57 +82 -93 +68 +76 +105 -88 +72 -48 -98 +50 +53 -115 +46 -62 -103 -111 -106 +66 +109 +41 +120 -122 +77 +85 +121 -87 -40 +102 -38 +75 +52 -116 +108 -63 +54 -97 +95 -45 -56 +94 +61 +99 -71 +42 -117 -60 -96 -67 +55 -79 +64 +74 -73 -37 -112 +49 -83 +110 +104 +44 -78 -80 -81 -43 +113 -65 -86 +90 +101 +123 +58 -39 +124 -59)
(+1 +2 +3 +4 +5 +6 +7 +8 +9 +10 +11 +12 +13 +14 +15 +16 +17 +18 +19 +20 +21 +22 +23 +24 +25 +26 +27 +28 +29 +30 +31 +32 +33 +34 +35 +36 +107 +70 +118 -114 -89 +84 -51 -100 +92 +47 +91 +69 +119 +57 +82 -93 +68 +76 +105 -88 +72 -48 -98 +50 +53 -115 +46 -62 -103 -111 -106 +66 +109 +41 +120 -122 +77 +85 +121 -87 -40 +102 -38 +75 +52 -116 +108 -63 +54 -97 +95 -45 -56 +94 +61 +99 -71 +42 -117 -60 -96 -67 +55 -79 +64 +74 -73 -37 -112 +49 -83 +110 +104 +44 -78 -80 -81 -43 +113 -65 -86 +90 +101 +123 +58 -39 +124 -59)
(+1 +2 +3 +4 +5 +6 +7 +8 +9 +10 +11 +12 +13 +14 +15 +16 +17 +18 +19 +20 +21 +22 +23 +24 +25 +26 +27 +28 +29 +30 +31 +32 +33 +34 +35 +36 +37 +73 -74 -64 +79 -55 +67 +96 +60 +117 -42 +71 -99 -61 -94 +56 +45 -95 +97 -54 +63 -108 +116 -52 -75 +38 -102 +40 +87 -121 -85 -77 +122 -120 -41 -109 -66 +106 +111 +103 +62 -46 +115 -53 -50 +98 +48 -72 +88 -105 -76 -68 +93 -82 -57 -119 -69 -91 -47 -92 +100 +51 -84 +89 +114 -118 -70 -107 -112 +49 -83 +110 +104 +44 -78 -80 -81 -43 +113 -65 -86 +90 +101 +123 +58 -39 +124 -59)
(+1 +2 +3 +4 +5 +6 +7 +8 +9 +10 +11 +12 +13 +14 +15 +16 +17 +18 +19 +20 +21 +22 +23 +24 +25 +26 +27 +28 +29 +30 +31 +32 +33 +34 +35 +36 +37 -38 +75 +52 -116 +108 -63 +54 -97 +95 -45 -56 +94 +61 +99 -71 +42 -117 -60 -96 -67 +55 -79 +64 +74 -73 -102 +40 +87 -121 -85 -77 +122 -120 -41 -109 -66 +106 +111 +103 +62 -46 +115 -53 -50 +98 +48 -72 +88 -105 -76 -68 +93 -82 -57 -119 -69 -91 -47 -92 +100 +51 -84 +89 +114 -118 -70 -107 -112 +49 -83 +110 +104 +44 -78 -80 -81 -43 +113 -65 -86 +90 +101 +123 +58 -39 +124 -59)
(+1 +2 +3 +4 +5 +6 +7 +8 +9 +10 +11 +12 +13 +14 +15 +16 +17 +18 +19 +20 +21 +22 +23 +24 +25 +26 +27 +28 +29 +30 +31 +32 +33 +34 +35 +36 +37 +38 +75 +52 -116 +108 -63 +54 -97 +95 -45 -56 +94 +61 +99 -71 +42 -117 -60 -96 -67 +55 -79 +64 +74 -73 -102 +40 +87 -121 -85 -77 +122 -120 -41 -109 -66 +106 +111 +103 +62 -46 +115 -53 -50 +98 +48 -72 +88 -105 -76 -68 +93 -82 -57 -119 -69 -91 -47 -92 +100 +51 -84 +89 +114 -118 -70 -107 -112 +49 -83 +110 +104 +44 -78 -80 -81 -43 +113 -65 -86 +90 +101 +123 +58 -39 +124 -59)
(+1 +2 +3 +4 +5 +6 +7 +8 +9 +10 +11 +12 +13 +14 +15 +16 +17 +18 +19 +20 +21 +22 +23 +24 +25 +26 +27 +28 +29 +30 +31 +32 +33 +34 +35 +36 +37 +38 +39 -58 -123 -101 -90 +86 +65 -113 +43 +81 +80 +78 -44 -104 -110 +83 -49 +112 +107 +70 +118 -114 -89 +84 -51 -100 +92 +47 +91 +69 +119 +57 +82 -93 +68 +76 +105 -88 +72 -48 -98 +50 +53 -115 +46 -62 -103 -111 -106 +66 +109 +41 +120 -122 +77 +85 +121 -87 -40 +102 +73 -74 -64 +79 -55 +67 +96 +60 +117 -42 +71 -99 -61 -94 +56 +45 -95 +97 -54 +63 -108 +116 -52 -75 +124 -59)
(+1 +2 +3 +4 +5 +6 +7 +8 +9 +10 +11 +12 +13 +14 +15 +16 +17 +18 +19 +20 +21 +22 +23 +24 +25 +26 +27 +28 +29 +30 +31 +32 +33 +34 +35 +36 +37 +38 +39 +40 +87 -121 -85 -77 +122 -120 -41 -109 -66 +106 +111 +103 +62 -46 +115 -53 -50 +98 +48 -72 +88 -105 -76 -68 +93 -82 -57 -119 -69 -91 -47 -92 +100 +51 -84 +89 +114 -118 -70 -107 -112 +49 -83 +110 +104 +44 -78 -80 -81 -43 +113 -65 -86 +90 +101 +123 +58 +102 +73 -74 -64 +79 -55 +67 +96 +60 +117 -42 +71 -99 -61 -94 +56 +45 -95 +97 -54 +63 -108 +116 -52 -75 +124 -59)
(+1 +2 +3 +4 +5 +6 +7 +8 +9 +10 +11 +12 +13 +14 +15 +16 +17 +18 +19 +20 +21 +22 +23 +24 +25 +26 +27 +28 +29 +30 +31 +32 +33 +34 +35 +36 +37 +38 +39 +40 +41 +120 -122 +77 +85 +121 -87 -109 -66 +106 +111 +103 +62 -46 +115 -53 -50 +98 +48 -72 +88 -105 -76 -68 +93 -82 -57 -119 -69 -91 -47 -92 +100 +51 -84 +89 +114 -118 -70 -107 -112 +49 -83 +110 +104 +44 -78 -80 -81 -43 +113 -65 -86 +90 +101 +123 +58 +102 +73 -74 -64 +79 -55 +67 +96 +60 +117 -42 +71 -99 -61 -94 +56 +45 -95 +97 -54 +63 -108 +116 -52 -75 +124 -59)
(+1 +2 +3 +4 +5 +6 +7 +8 +9 +10 +11 +12 +13 +14 +15 +16 +17 +18 +19 +20 +21 +22 +23 +24 +25 +26 +27 +28 +29 +30 +31 +32 +33 +34 +35 +36 +37 +38 +39 +40 +41 +42 -117 -60 -96 -67 +55 -79 +64 +74 -73 -102 -58 -123 -101 -90 +86 +65 -113 +43 +81 +80 +78 -44 -104 -110 +83 -49 +112 +107 +70 +118 -114 -89 +84 -51 -100 +92 +47 +91 +69 +119 +57 +82 -93 +68 +76 +105 -88 +72 -48 -98 +50 +53 -115 +46 -62 -103 -111 -106 +66 +109 +87 -121 -85 -77 +122 -120 +71 -99 -61 -94 +56 +45 -95 +97 -54 +63 -108 +116 -52 -75 +124 -59)
(+1 +2 +3 +4 +5 +6 +7 +8 +9 +10 +11 +12 +13 +14 +15 +16 +17 +18 +19 +20 +21 +22 +23 +24 +25 +26 +27 +28 +29 +30 +31 +32 +33 +34 +35 +36 +37 +38 +39 +40 +41 +42 -43 +113 -65 -86 +90 +101 +123 +58 +102 +73 -74 -64 +79 -55 +67 +96 +60 +117 +81 +80 +78 -44 -104 -110 +83 -49 +112 +107 +70 +118 -114 -89 +84 -51 -100 +92 +47 +91 +69 +119 +57 +82 -93 +68 +76 +105 -88 +72 -48 -98 +50 +53 -115 +46 -62 -103 -111 -106 +66 +109 +87 -121 -85 -77 +122 -120 +71 -99 -61 -94 +56 +45 -95 +97 -54 +63 -108 +116 -52 -75 +124 -59)
(+1 +2 +3 +4 +5 +6 +7 +8 +9 +10 +11 +12 +13 +14 +15 +16 +17 +18 +19 +20 +21 +22 +23 +24 +25 +26 +27 +28 +29 +30 +31 +32 +33 +34 +35 +36 +37 +38 +39 +40 +41 +42 +43 +113 -65 -86 +90 +101 +123 +58 +102 +73 -74 -64 +79 -55 +67 +96 +60 +117 +81 +80 +78 -44 -104 -110 +83 -49 +112 +107 +70 +118 -114 -89 +84 -51 -100 +92 +47 +91 +69 +119 +57 +82 -93 +68 +76 +105 -88 +72 -48 -98 +50 +53 -115 +46 -62 -103 -111 -106 +66 +109 +87 -121 -85 -77 +122 -120 +71 -99 -61 -94 +56 +45 -95 +97 -54 +63 -108 +116 -52 -75 +124 -59)
(+1 +2 +3 +4 +5 +6 +7 +8 +9 +10 +11 +12 +13 +14 +15 +16 +17 +18 +19 +20 +21 +22 +23 +24 +25 +26 +27 +28 +29 +30 +31 +32 +33 +34 +35 +36 +37 +38 +39 +40 +41 +42 +43 +44 -78 -80 -81 -117 -60 -96 -67 +55 -79 +64 +74 -73 -102 -58 -123 -101 -90 +86 +65 -113 -104 -110 +83 -49 +112 +107 +70 +118 -114 -89 +84 -51 -100 +92 +47 +91 +69 +119 +57 +82 -93 +68 +76 +105 -88 +72 -48 -98 +50 +53 -115 +46 -62 -103 -111 -106 +66 +109 +87 -121 -85 -77 +122 -120 +71 -99 -61 -94 +56 +45 -95 +97 -54 +63 -108 +116 -52 -75 +124 -59)
(+1 +2 +3 +4 +5 +6 +7 +8 +9 +10 +11 +12 +13 +14 +15 +16 +17 +18 +19 +20 +21 +22 +23 +24 +25 +26 +27 +28 +29 +30 +31 +32 +33 +34 +35 +36 +37 +38 +39 +40 +41 +42 +43 +44 -45 -56 +94 +61 +99 -71 +120 -122 +77 +85 +121 -87 -109 -66 +106 +111 +103 +62 -46 +115 -53 -50 +98 +48 -72 +88 -105 -76 -68 +93 -82 -57 -119 -69 -91 -47 -92 +100 +51 -84 +89 +114 -118 -70 -107 -112 +49 -83 +110 +104 +113 -65 -86 +90 +101 +123 +58 +102 +73 -74 -64 +79 -55 +67 +96 +60 +117 +81 +80 +78 -95 +97 -54 +63 -108 +116 -52 -75 +124 -59)
(+1 +2 +3 +4 +5 +6 +7 +8 +9 +10 +11 +12 +13 +14 +15 +16 +17 +18 +19 +20 +21 +22 +23 +24 +25 +26 +27 +28 +29 +30 +31 +32 +33 +34 +35 +36 +37 +38 +39 +40 +41 +42 +43 +44 +45 -56 +94 +61 +99 -71 +120 -122 +77 +85 +121 -87 -109 -66 +106 +111 +103 +62 -46 +115 -53 -50 +98 +48 -72 +88 -105 -76 -68 +93 -82 -57 -119 -69 -91 -47 -92 +100 +51 -84 +89 +114 -118 -70 -107 -112 +49 -83 +110 +104 +113 -65 -86 +90 +101 +123 +58 +102 +73 -74 -64 +79 -55 +67 +96 +60 +117 +81 +80 +78 -95 +97 -54 +63 -108 +116 -52 -75 +124 -59)
(+1 +2 +3 +4 +5 +6 +7 +8 +9 +10 +11 +12 +13 +14 +15 +16 +17 +18 +19 +20 +21 +22 +23 +24 +25 +26 +27 +28 +29 +30 +31 +32 +33 +34 +35 +36 +37 +38 +39 +40 +41 +42 +43 +44 +45 +46 -62 -103 -111 -106 +66 +109 +87 -121 -85 -77 +122 -120 +71 -99 -61 -94 +56 +115 -53 -50 +98 +48 -72 +88 -105 -76 -68 +93 -82 -57 -119 -69 -91 -47 -92 +100 +51 -84 +89 +114 -118 -70 -107 -112 +49 -83 +110 +104 +113 -65 -86 +90 +101 +123 +58 +102 +73 -74 -64 +79 -55 +67 +96 +60 +117 +81 +80 +78 -95 +97 -54 +63 -108 +116 -52 -75 +124 -59)
(+1 +2 +3 +4 +5 +6 +7 +8 +9 +10 +11 +12 +13 +14 +15 +16 +17 +18 +19 +20 +21 +22 +23 +24 +25 +26 +27 +28 +29 +30 +31 +32 +33 +34 +35 +36 +37 +38 +39 +40 +41 +42 +43 +44 +45 +46 +47 +91 +69 +119 +57 +82 -93 +68 +76 +105 -88 +72 -48 -98 +50 +53 -115 -56 +94 +61 +99 -71 +120 -122 +77 +85 +121 -87 -109 -66 +106 +111 +103 +62 -92 +100 +51 -84 +89 +114 -118 -70 -107 -112 +49 -83 +110 +104 +113 -65 -86 +90 +101 +123 +58 +102 +73 -74 -64 +79 -55 +67 +96 +60 +117 +81 +80 +78 -95 +97 -54 +63 -108 +116 -52 -75 +124 -59)
(+1 +2 +3 +4 +5 +6 +7 +8 +9 +10 +11 +12 +13 +14 +15 +16 +17 +18 +19 +20 +21 +22 +23 +24 +25 +26 +27 +28 +29 +30 +31 +32 +33 +34 +35 +36 +37 +38 +39 +40 +41 +42 +43 +44 +45 +46 +47 +48 -72 +88 -105 -76 -68 +93 -82 -57 -119 -69 -91 -98 +50 +53 -115 -56 +94 +61 +99 -71 +120 -122 +77 +85 +121 -87 -109 -66 +106 +111 +103 +62 -92 +100 +51 -84 +89 +114 -118 -70 -107 -112 +49 -83 +110 +104 +113 -65 -86 +90 +101 +123 +58 +102 +73 -74 -64 +79 -55 +67 +96 +60 +117 +81 +80 +78 -95 +97 -54 +63 -108 +116 -52 -75 +124 -59)
(+1 +2 +3 +4 +5 +6 +7 +8 +9 +10 +11 +12 +13 +14 +15 +16 +17 +18 +19 +20 +21 +22 +23 +24 +25 +26 +27 +28 +29 +30 +31 +32 +33 +34 +35 +36 +37 +38 +39 +40 +41 +42 +43 +44 +45 +46 +47 +48 -49 +112 +107 +70 +118 -114 -89 +84 -51 -100 +92 -62 -103 -111 -106 +66 +109 +87 -121 -85 -77 +122 -120 +71 -99 -61 -94 +56 +115 -53 -50 +98 +91 +69 +119 +57 +82 -93 +68 +76 +105 -88 +72 -83 +110 +104 +113 -65 -86 +90 +101 +123 +58 +102 +73 -74 -64 +79 -55 +67 +96 +60 +117 +81 +80 +78 -95 +97 -54 +63 -108 +116 -52 -75 +124 -59)
(+1 +2 +3 +4 +5 +6 +7 +8 +9 +10 +11 +12 +13 +14 +15 +16 +17 +18 +19 +20 +21 +22 +23 +24 +25 +26 +27 +28 +29 +30 +31 +32 +33 +34 +35 +36 +37 +38 +39 +40 +41 +42 +43 +44 +45 +46 +47 +48 +49 +112 +107 +70 +118 -114 -89 +84 -51 -100 +92 -62 -103 -111 -106 +66 +109 +87 -121 -85 -77 +122 -120 +71 -99 -61 -94 +56 +115 -53 -50 +98 +91 +69 +119 +57 +82 -93 +68 +76 +105 -88 +72 -83 +110 +104 +113 -65 -86 +90 +101 +123 +58 +102 +73 -74 -64 +79 -55 +67 +96 +60 +117 +81 +80 +78 -95 +97 -54 +63 -108 +116 -52 -75 +124 -59)
(+1 +2 +3 +4 +5 +6 +7 +8 +9 +10 +11 +12 +13 +14 +15 +16 +17 +18 +19 +20 +21 +22 +23 +24 +25 +26 +27 +28 +29 +30 +31 +32 +33 +34 +35 +36 +37 +38 +39 +40 +41 +42 +43 +44 +45 +46 +47 +48 +49 +50 +53 -115 -56 +94 +61 +99 -71 +120 -122 +77 +85 +121 -87 -109 -66 +106 +111 +103 +62 -92 +100 +51 -84 +89 +114 -118 -70 -107 -112 +98 +91 +69 +119 +57 +82 -93 +68 +76 +105 -88 +72 -83 +110 +104 +113 -65 -86 +90 +101 +123 +58 +102 +73 -74 -64 +79 -55 +67 +96 +60 +117 +81 +80 +78 -95 +97 -54 +63 -108 +116 -52 -75 +124 -59)
(+1 +2 +3 +4 +5 +6 +7 +8 +9 +10 +11 +12 +13 +14 +15 +16 +17 +18 +19 +20 +21 +22 +23 +24 +25 +26 +27 +28 +29 +30 +31 +32 +33 +34 +35 +36 +37 +38 +39 +40 +41 +42 +43 +44 +45 +46 +47 +48 +49 +50 -51 -100 +92 -62 -103 -111 -106 +66 +109 +87 -121 -85 -77 +122 -120 +71 -99 -61 -94 +56 +115 -53 -84 +89 +114 -118 -70 -107 -112 +98 +91 +69 +119 +57 +82 -93 +68 +76 +105 -88 +72 -83 +110 +104 +113 -65 -86 +90 +101 +123 +58 +102 +73 -74 -64 +79 -55 +67 +96 +60 +117 +81 +80 +78 -95 +97 -54 +63 -108 +116 -52 -75 +124 -59)
(+1 +2 +3 +4 +5 +6 +7 +8 +9 +10 +11 +12 +13 +14 +15 +16 +17 +18 +19 +20 +21 +22 +23 +24 +25 +26 +27 +28 +29 +30 +31 +32 +33 +34 +35 +36 +37 +38 +39 +40 +41 +42 +43 +44 +45 +46 +47 +48 +49 +50 +51 -100 +92 -62 -103 -111 -106 +66 +109 +87 -121 -85 -77 +122 -120 +71 -99 -61 -94 +56 +115 -53 -84 +89 +114 -118 -70 -107 -112 +98 +91 +69 +119 +57 +82 -93 +68 +76 +105 -88 +72 -83 +110 +104 +113 -65 -86 +90 +101 +123 +58 +102 +73 -74 -64 +79 -55 +67 +96 +60 +117 +81 +80 +78 -95 +97 -54 +63 -108 +116 -52 -75 +124 -59)
(+1 +2 +3 +4 +5 +6 +7 +8 +9 +10 +11 +12 +13 +14 +15 +16 +17 +18 +19 +20 +21 +22 +23 +24 +25 +26 +27 +28 +29 +30 +31 +32 +33 +34 +35 +36 +37 +38 +39 +40 +41 +42 +43 +44 +45 +46 +47 +48 +49 +50 +51 +52 -116 +108 -63 +54 -97 +95 -78 -80 -81 -117 -60 -96 -67 +55 -79 +64 +74 -73 -102 -58 -123 -101 -90 +86 +65 -113 -104 -110 +83 -72 +88 -105 -76 -68 +93 -82 -57 -119 -69 -91 -98 +112 +107 +70 +118 -114 -89 +84 +53 -115 -56 +94 +61 +99 -71 +120 -122 +77 +85 +121 -87 -109 -66 +106 +111 +103 +62 -92 +100 -75 +124 -59)
(+1 +2 +3 +4 +5 +6 +7 +8 +9 +10 +11 +12 +13 +14 +15 +16 +17 +18 +19 +20 +21 +22 +23 +24 +25 +26 +27 +28 +29 +30 +31 +32 +33 +34 +35 +36 +37 +38 +39 +40 +41 +42 +43 +44 +45 +46 +47 +48 +49 +50 +51 +52 -53 -84 +89 +114 -118 -70 -107 -112 +98 +91 +69 +119 +57 +82 -93 +68 +76 +105 -88 +72 -83 +110 +104 +113 -65 -86 +90 +101 +123 +58 +102 +73 -74 -64 +79 -55 +67 +96 +60 +117 +81 +80 +78 -95 +97 -54 +63 -108 +116 -115 -56 +94 +61 +99 -71 +120 -122 +77 +85 +121 -87 -109 -66 +106 +111 +103 +62 -92 +100 -75 +124 -59)
(+1 +2 +3 +4 +5 +6 +7 +8 +9 +10 +11 +12 +13 +14 +15 +16 +17 +18 +19 +20 +21 +22 +23 +24 +25 +26 +27 +28 +29 +30 +31 +32 +33 +34 +35 +36 +37 +38 +39 +40 +41 +42 +43 +44 +45 +46 +47 +48 +49 +50 +51 +52 +53 -84 +89 +114 -118 -70 -107 -112 +98 +91 +69 +119 +57 +82 -93 +68 +76 +105 -88 +72 -83 +110 +104 +113 -65 -86 +90 +101 +123 +58 +102 +73 -74 -64 +79 -55 +67 +96 +60 +117 +81 +80 +78 -95 +97 -54 +63 -108 +116 -115 -56 +94 +61 +99 -71 +120 -122 +77 +85 +121 -87 -109 -66 +106 +111 +103 +62 -92 +100 -75 +124 -59)
(+1 +2 +3 +4 +5 +6 +7 +8 +9 +10 +11 +12 +13 +14 +15 +16 +17 +18 +19 +20 +21 +22 +23 +24 +25 +26 +27 +28 +29 +30 +31 +32 +33 +34 +35 +36 +37 +38 +39 +40 +41 +42 +43 +44 +45 +46 +47 +48 +49 +50 +51 +52 +53 +54 -97 +95 -78 -80 -81 -117 -60 -96 -67 +55 -79 +64 +74 -73 -102 -58 -123 -101 -90 +86 +65 -113 -104 -110 +83 -72 +88 -105 -76 -68 +93 -82 -57 -119 -69 -91 -98 +112 +107 +70 +118 -114 -89 +84 +63 -108 +116 -115 -56 +94 +61 +99 -71 +120 -122 +77 +85 +121 -87 -109 -66 +106 +111 +103 +62 -92 +100 -75 +124 -59)
(+1 +2 +3 +4 +5 +6 +7 +8 +9 +10 +11 +12 +13 +14 +15 +16 +17 +18 +19 +20 +21 +22 +23 +24 +25 +26 +27 +28 +29 +30 +31 +32 +33 +34 +35 +36 +37 +38 +39 +40 +41 +42 +43 +44 +45 +46 +47 +48 +49 +50 +51 +52 +53 +54 -55 +67 +96 +60 +117 +81 +80 +78 -95 +97 -79 +64 +74 -73 -102 -58 -123 -101 -90 +86 +65 -113 -104 -110 +83 -72 +88 -105 -76 -68 +93 -82 -57 -119 -69 -91 -98 +112 +107 +70 +118 -114 -89 +84 +63 -108 +116 -115 -56 +94 +61 +99 -71 +120 -122 +77 +85 +121 -87 -109 -66 +106 +111 +103 +62 -92 +100 -75 +124 -59)
(+1 +2 +3 +4 +5 +6 +7 +8 +9 +10 +11 +12 +13 +14 +15 +16 +17 +18 +19 +20 +21 +22 +23 +24 +25 +26 +27 +28 +29 +30 +31 +32 +33 +34 +35 +36 +37 +38 +39 +40 +41 +42 +43 +44 +45 +46 +47 +48 +49 +50 +51 +52 +53 +54 +55 +67 +96 +60 +117 +81 +80 +78 -95 +97 -79 +64 +74 -73 -102 -58 -123 -101 -90 +86 +65 -113 -104 -110 +83 -72 +88 -105 -76 -68 +93 -82 -57 -119 -69 -91 -98 +112 +107 +70 +118 -114 -89 +84 +63 -108 +116 -115 -56 +94 +61 +99 -71 +120 -122 +77 +85 +121 -87 -109 -66 +106 +111 +103 +62 -92 +100 -75 +124 -59)
(+1 +2 +3 +4 +5 +6 +7 +8 +9 +10 +11 +12 +13 +14 +15 +16 +17 +18 +19 +20 +21 +22 +23 +24 +25 +26 +27 +28 +29 +30 +31 +32 +33 +34 +35 +36 +37 +38 +39 +40 +41 +42 +43 +44 +45 +46 +47 +48 +49 +50 +51 +52 +53 +54 +55 +56 +115 -116 +108 -63 -84 +89 +114 -118 -70 -107 -112 +98 +91 +69 +119 +57 +82 -93 +68 +76 +105 -88 +72 -83 +110 +104 +113 -65 -86 +90 +101 +123 +58 +102 +73 -74 -64 +79 -97 +95 -78 -80 -81 -117 -60 -96 -67 +94 +61 +99 -71 +120 -122 +77 +85 +121 -87 -109 -66 +106 +111 +103 +62 -92 +100 -75 +124 -59)
(+1 +2 +3 +4 +5 +6 +7 +8 +9 +10 +11 +12 +13 +14 +15 +16 +17 +18 +19 +20 +21 +22 +23 +24 +25 +26 +27 +28 +29 +30 +31 +32 +33 +34 +35 +36 +37 +38 +39 +40 +41 +42 +43 +44 +45 +46 +47 +48 +49 +50 +51 +52 +53 +54 +55 +56 -57 -119 -69 -91 -98 +112 +107 +70 +118 -114 -89 +84 +63 -108 +116 -115 +82 -93 +68 +76 +105 -88 +72 -83 +110 +104 +113 -65 -86 +90 +101 +123 +58 +102 +73 -74 -64 +79 -97 +95 -78 -80 -81 -117 -60 -96 -67 +94 +61 +99 -71 +120 -122 +77 +85 +121 -87 -109 -66 +106 +111 +103 +62 -92 +100 -75 +124 -59)
(+1 +2 +3 +4 +5 +6 +7 +8 +9 +10 +11 +12 +13 +14 +15 +16 +17 +18 +19 +20 +21 +22 +23 +24 +25 +26 +27 +28 +29 +30 +31 +32 +33 +34 +35 +36 +37 +38 +39 +40 +41 +42 +43 +44 +45 +46 +47 +48 +49 +50 +51 +52 +53 +54 +55 +56 +57 -119 -69 -91 -98 +112 +107 +70 +118 -114 -89 +84 +63 -108 +116 -115 +82 -93 +68 +76 +105 -88 +72 -83 +110 +104 +113 -65 -86 +90 +101 +123 +58 +102 +73 -74 -64 +79 -97 +95 -78 -80 -81 -117 -60 -96 -67 +94 +61 +99 -71 +120 -122 +77 +85 +121 -87 -109 -66 +106 +111 +103 +62 -92 +100 -75 +124 -59)
(+1 +2 +3 +4 +5 +6 +7 +8 +9 +10 +11 +12 +13 +14 +15 +16 +17 +18 +19 +20 +21 +22 +23 +24 +25 +26 +27 +28 +29 +30 +31 +32 +33 +34 +35 +36 +37 +38 +39 +40 +41 +42 +43 +44 +45 +46 +47 +48 +49 +50 +51 +52 +53 +54 +55 +56 +57 -58 -123 -101 -90 +86 +65 -113 -104 -110 +83 -72 +88 -105 -76 -68 +93 -82 +115 -116 +108 -63 -84 +89 +114 -118 -70 -107 -112 +98 +91 +69 +119 +102 +73 -74 -64 +79 -97 +95 -78 -80 -81 -117 -60 -96 -67 +94 +61 +99 -71 +120 -122 +77 +85 +121 -87 -109 -66 +106 +111 +103 +62 -92 +100 -75 +124 -59)
(+1 +2 +3 +4 +5 +6 +7 +8 +9 +10 +11 +12 +13 +14 +15 +16 +17 +18 +19 +20 +21 +22 +23 +24 +25 +26 +27 +28 +29 +30 +31 +32 +33 +34 +35 +36 +37 +38 +39 +40 +41 +42 +43 +44 +45 +46 +47 +48 +49 +50 +51 +52 +53 +54 +55 +56 +57 +58 -123 -101 -90 +86 +65 -113 -104 -110 +83 -72 +88 -105 -76 -68 +93 -82 +115 -116 +108 -63 -84 +89 +114 -118 -70 -107 -112 +98 +91 +69 +119 +102 +73 -74 -64 +79 -97 +95 -78 -80 -81 -117 -60 -96 -67 +94 +61 +99 -71 +120 -122 +77 +85 +121 -87 -109 -66 +106 +111 +103 +62 -92 +100 -75 +124 -59)
(+1 +2 +3 +4 +5 +6 +7 +8 +9 +10 +11 +12 +13 +14 +15 +16 +17 +18 +19 +20 +21 +22 +23 +24 +25 +26 +27 +28 +29 +30 +31 +32 +33 +34 +35 +36 +37 +38 +39 +40 +41 +42 +43 +44 +45 +46 +47 +48 +49 +50 +51 +52 +53 +54 +55 +56 +57 +58 +59 -124 +75 -100 +92 -62 -103 -111 -106 +66 +109 +87 -121 -85 -77 +122 -120 +71 -99 -61 -94 +67 +96 +60 +117 +81 +80 +78 -95 +97 -79 +64 +74 -73 -102 -119 -69 -91 -98 +112 +107 +70 +118 -114 -89 +84 +63 -108 +116 -115 +82 -93 +68 +76 +105 -88 +72 -83 +110 +104 +113 -65 -86 +90 +101 +123)
(+1 +2 +3 +4 +5 +6 +7 +8 +9 +10 +11 +12 +13 +14 +15 +16 +17 +18 +19 +20 +21 +22 +23 +24 +25 +26 +27 +28 +29 +30 +31 +32 +33 +34 +35 +36 +37 +38 +39 +40 +41 +42 +43 +44 +45 +46 +47 +48 +49 +50 +51 +52 +53 +54 +55 +56 +57 +58 +59 -60 -96 -67 +94 +61 +99 -71 +120 -122 +77 +85 +121 -87 -109 -66 +106 +111 +103 +62 -92 +100 -75 +124 +117 +81 +80 +78 -95 +97 -79 +64 +74 -73 -102 -119 -69 -91 -98 +112 +107 +70 +118 -114 -89 +84 +63 -108 +116 -115 +82 -93 +68 +76 +105 -88 +72 -83 +110 +104 +113 -65 -86 +90 +101 +123)
(+1 +2 +3 +4 +5 +6 +7 +8 +9 +10 +11 +12 +13 +14 +15 +16 +17 +18 +19 +20 +21 +22 +23 +24 +25 +26 +27 +28 +29 +30 +31 +32 +33 +34 +35 +36 +37 +38 +39 +40 +41 +42 +43 +44 +45 +46 +47 +48 +49 +50 +51 +52 +53 +54 +55 +56 +57 +58 +59 +60 -96 -67 +94 +61 +99 -71 +120 -122 +77 +85 +121 -87 -109 -66 +106 +111 +103 +62 -92 +100 -75 +124 +117 +81 +80 +78 -95 +97 -79 +64 +74 -73 -102 -119 -69 -91 -98 +112 +107 +70 +118 -114 -89 +84 +63 -108 +116 -115 +82 -93 +68 +76 +105 -88 +72 -83 +110 +104 +113 -65 -86 +90 +101 +123)
(+1 +2 +3 +4 +5 +6 +7 +8 +9 +10 +11 +12 +13 +14 +15 +16 +17 +18 +19 +20 +21 +22 +23 +24 +25 +26 +27 +28 +29 +30 +31 +32 +33 +34 +35 +36 +37 +38 +39 +40 +41 +42 +43 +44 +45 +46 +47 +48 +49 +50 +51 +52 +53 +54 +55 +56 +57 +58 +59 +60 -61 -94 +67 +96 +99 -71 +120 -122 +77 +85 +121 -87 -109 -66 +106 +111 +103 +62 -92 +100 -75 +124 +117 +81 +80 +78 -95 +97 -79 +64 +74 -73 -102 -119 -69 -91 -98 +112 +107 +70 +118 -114 -89 +84 +63 -108 +116 -115 +82 -93 +68 +76 +105 -88 +72 -83 +110 +104 +113 -65 -86 +90 +101 +123)
(+1 +2 +3 +4 +5 +6 +7 +8 +9 +10 +11 +12 +13 +14 +15 +16 +17 +18 +19 +20 +21 +22 +23 +24 +25 +26 +27 +28 +29 +30 +31 +32 +33 +34 +35 +36 +37 +38 +39 +40 +41 +42 +43 +44 +45 +46 +47 +48 +49 +50 +51 +52 +53 +54 +55 +56 +57 +58 +59 +60 +61 -94 +67 +96 +99 -71 +120 -122 +77 +85 +121 -87 -109 -66 +106 +111 +103 +62 -92 +100 -75 +124 +117 +81 +80 +78 -95 +97 -79 +64 +74 -73 -102 -119 -69 -91 -98 +112 +107 +70 +118 -114 -89 +84 +63 -108 +116 -115 +82 -93 +68 +76 +105 -88 +72 -83 +110 +104 +113 -65 -86 +90 +101 +123)
(+1 +2 +3 +4 +5 +6 +7 +8 +9 +10 +11 +12 +13 +14 +15 +16 +17 +18 +19 +20 +21 +22 +23 +24 +25 +26 +27 +28 +29 +30 +31 +32 +33 +34 +35 +36 +37 +38 +39 +40 +41 +42 +43 +44 +45 +46 +47 +48 +49 +50 +51 +52 +53 +54 +55 +56 +57 +58 +59 +60 +61 -62 -103 -111 -106 +66 +109 +87 -121 -85 -77 +122 -120 +71 -99 -96 -67 +94 -92 +100 -75 +124 +117 +81 +80 +78 -95 +97 -79 +64 +74 -73 -102 -119 -69 -91 -98 +112 +107 +70 +118 -114 -89 +84 +63 -108 +116 -115 +82 -93 +68 +76 +105 -88 +72 -83 +110 +104 +113 -65 -86 +90 +101 +123)
(+1 +2 +3 +4 +5 +6 +7 +8 +9 +10 +11 +12 +13 +14 +15 +16 +17 +18 +19 +20 +21 +22 +23 +24 +25 +26 +27 +28 +29 +30 +31 +32 +33 +34 +35 +36 +37 +38 +39 +40 +41 +42 +43 +44 +45 +46 +47 +48 +49 +50 +51 +52 +53 +54 +55 +56 +57 +58 +59 +60 +61 +62 -103 -111 -106 +66 +109 +87 -121 -85 -77 +122 -120 +71 -99 -96 -67 +94 -92 +100 -75 +124 +117 +81 +80 +78 -95 +97 -79 +64 +74 -73 -102 -119 -69 -91 -98 +112 +107 +70 +118 -114 -89 +84 +63 -108 +116 -115 +82 -93 +68 +76 +105 -88 +72 -83 +110 +104 +113 -65 -86 +90 +101 +123)
(+1 +2 +3 +4 +5 +6 +7 +8 +9 +10 +11 +12 +13 +14 +15 +16 +17 +18 +19 +20 +21 +22 +23 +24 +25 +26 +27 +28 +29 +30 +31 +32 +33 +34 +35 +36 +37 +38 +39 +40 +41 +42 +43 +44 +45 +46 +47 +48 +49 +50 +51 +52 +53 +54 +55 +56 +57 +58 +59 +60 +61 +62 -63 -84 +89 +114 -118 -70 -107 -112 +98 +91 +69 +119 +102 +73 -74 -64 +79 -97 +95 -78 -80 -81 -117 -124 +75 -100 +92 -94 +67 +96 +99 -71 +120 -122 +77 +85 +121 -87 -109 -66 +106 +111 +103 -108 +116 -115 +82 -93 +68 +76 +105 -88 +72 -83 +110 +104 +113 -65 -86 +90 +101 +123)
(+1 +2 +3 +4 +5 +6 +7 +8 +9 +10 +11 +12 +13 +14 +15 +16 +17 +18 +19 +20 +21 +22 +23 +24 +25 +26 +27 +28 +29 +30 +31 +32 +33 +34 +35 +36 +37 +38 +39 +40 +41 +42 +43 +44 +45 +46 +47 +48 +49 +50 +51 +52 +53 +54 +55 +56 +57 +58 +59 +60 +61 +62 +63 -84 +89 +114 -118 -70 -107 -112 +98 +91 +69 +119 +102 +73 -74 -64 +79 -97 +95 -78 -80 -81 -117 -124 +75 -100 +92 -94 +67 +96 +99 -71 +120 -122 +77 +85 +121 -87 -109 -66 +106 +111 +103 -108 +116 -115 +82 -93 +68 +76 +105 -88 +72 -83 +110 +104 +113 -65 -86 +90 +101 +123)
(+1 +2 +3 +4 +5 +6 +7 +8 +9 +10 +11 +12 +13 +14 +15 +16 +17 +18 +19 +20 +21 +22 +23 +24 +25 +26 +27 +28 +29 +30 +31 +32 +33 +34 +35 +36 +37 +38 +39 +40 +41 +42 +43 +44 +45 +46 +47 +48 +49 +50 +51 +52 +53 +54 +55 +56 +57 +58 +59 +60 +61 +62 +63 +64 +74 -73 -102 -119 -69 -91 -98 +112 +107 +70 +118 -114 -89 +84 +79 -97 +95 -78 -80 -81 -117 -124 +75 -100 +92 -94 +67 +96 +99 -71 +120 -122 +77 +85 +121 -87 -109 -66 +106 +111 +103 -108 +116 -115 +82 -93 +68 +76 +105 -88 +72 -83 +110 +104 +113 -65 -86 +90 +101 +123)
(+1 +2 +3 +4 +5 +6 +7 +8 +9 +10 +11 +12 +13 +14 +15 +16 +17 +18 +19 +20 +21 +22 +23 +24 +25 +26 +27 +28 +29 +30 +31 +32 +33 +34 +35 +36 +37 +38 +39 +40 +41 +42 +43 +44 +45 +46 +47 +48 +49 +50 +51 +52 +53 +54 +55 +56 +57 +58 +59 +60 +61 +62 +63 +64 +65 -113 -104 -110 +83 -72 +88 -105 -76 -68 +93 -82 +115 -116 +108 -103 -111 -106 +66 +109 +87 -121 -85 -77 +122 -120 +71 -99 -96 -67 +94 -92 +100 -75 +124 +117 +81 +80 +78 -95 +97 -79 -84 +89 +114 -118 -70 -107 -112 +98 +91 +69 +119 +102 +73 -74 -86 +90 +101 +123)
(+1 +2 +3 +4 +5 +6 +7 +8 +9 +10 +11 +12 +13 +14 +15 +16 +17 +18 +19 +20 +21 +22 +23 +24 +25 +26 +27 +28 +29 +30 +31 +32 +33 +34 +35 +36 +37 +38 +39 +40 +41 +42 +43 +44 +45 +46 +47 +48 +49 +50 +51 +52 +53 +54 +55 +56 +57 +58 +59 +60 +61 +62 +63 +64 +65 -66 +106 +111 +103 -108 +116 -115 +82 -93 +68 +76 +105 -88 +72 -83 +110 +104 +113 +109 +87 -121 -85 -77 +122 -120 +71 -99 -96 -67 +94 -92 +100 -75 +124 +117 +81 +80 +78 -95 +97 -79 -84 +89 +114 -118 -70 -107 -112 +98 +91 +69 +119 +102 +73 -74 -86 +90 +101 +123)
(+1 +2 +3 +4 +5 +6 +7 +8 +9 +10 +11 +12 +13 +14 +15 +16 +17 +18 +19 +20 +21 +22 +23 +24 +25 +26 +27 +28 +29 +30 +31 +32 +33 +34 +35 +36 +37 +38 +39 +40 +41 +42 +43 +44 +45 +46 +47 +48 +49 +50 +51 +52 +53 +54 +55 +56 +57 +58 +59 +60 +61 +62 +63 +64 +65 +66 +106 +111 +103 -108 +116 -115 +82 -93 +68 +76 +105 -88 +72 -83 +110 +104 +113 +109 +87 -121 -85 -77 +122 -120 +71 -99 -96 -67 +94 -92 +100 -75 +124 +117 +81 +80 +78 -95 +97 -79 -84 +89 +114 -118 -70 -107 -112 +98 +91 +69 +119 +102 +73 -74 -86 +90 +101 +123)
(+1 +2 +3 +4 +5 +6 +7 +8 +9 +10 +11 +12 +13 +14 +15 +16 +17 +18 +19 +20 +21 +22 +23 +24 +25 +26 +27 +28 +29 +30 +31 +32 +33 +34 +35 +36 +37 +38 +39 +40 +41 +42 +43 +44 +45 +46 +47 +48 +49 +50 +51 +52 +53 +54 +55 +56 +57 +58 +59 +60 +61 +62 +63 +64 +65 +66 +67 +96 +99 -71 +120 -122 +77 +85 +121 -87 -109 -113 -104 -110 +83 -72 +88 -105 -76 -68 +93 -82 +115 -116 +108 -103 -111 -106 +94 -92 +100 -75 +124 +117 +81 +80 +78 -95 +97 -79 -84 +89 +114 -118 -70 -107 -112 +98 +91 +69 +119 +102 +73 -74 -86 +90 +101 +123)
(+1 +2 +3 +4 +5 +6 +7 +8 +9 +10 +11 +12 +13 +14 +15 +16 +17 +18 +19 +20 +21 +22 +23 +24 +25 +26 +27 +28 +29 +30 +31 +32 +33 +34 +35 +36 +37 +38 +39 +40 +41 +42 +43 +44 +45 +46 +47 +48 +49 +50 +51 +52 +53 +54 +55 +56 +57 +58 +59 +60 +61 +62 +63 +64 +65 +66 +67 +68 +76 +105 -88 +72 -83 +110 +104 +113 +109 +87 -121 -85 -77 +122 -120 +71 -99 -96 +93 -82 +115 -116 +108 -103 -111 -106 +94 -92 +100 -75 +124 +117 +81 +80 +78 -95 +97 -79 -84 +89 +114 -118 -70 -107 -112 +98 +91 +69 +119 +102 +73 -74 -86 +90 +101 +123)
(+1 +2 +3 +4 +5 +6 +7 +8 +9 +10 +11 +12 +13 +14 +15 +16 +17 +18 +19 +20 +21 +22 +23 +24 +25 +26 +27 +28 +29 +30 +31 +32 +33 +34 +35 +36 +37 +38 +39 +40 +41 +42 +43 +44 +45 +46 +47 +48 +49 +50 +51 +52 +53 +54 +55 +56 +57 +58 +59 +60 +61 +62 +63 +64 +65 +66 +67 +68 -69 -91 -98 +112 +107 +70 +118 -114 -89 +84 +79 -97 +95 -78 -80 -81 -117 -124 +75 -100 +92 -94 +106 +111 +103 -108 +116 -115 +82 -93 +96 +99 -71 +120 -122 +77 +85 +121 -87 -109 -113 -104 -110 +83 -72 +88 -105 -76 +119 +102 +73 -74 -86 +90 +101 +123)
(+1 +2 +3 +4 +5 +6 +7 +8 +9 +10 +11 +12 +13 +14 +15 +16 +17 +18 +19 +20 +21 +22 +23 +24 +25 +26 +27 +28 +29 +30 +31 +32 +33 +34 +35 +36 +37 +38 +39 +40 +41 +42 +43 +44 +45 +46 +47 +48 +49 +50 +51 +52 +53 +54 +55 +56 +57 +58 +59 +60 +61 +62 +63 +64 +65 +66 +67 +68 +69 -91 -98 +112 +107 +70 +118 -114 -89 +84 +79 -97 +95 -78 -80 -81 -117 -124 +75 -100 +92 -94 +106 +111 +103 -108 +116 -115 +82 -93 +96 +99 -71 +120 -122 +77 +85 +121 -87 -109 -113 -104 -110 +83 -72 +88 -105 -76 +119 +102 +73 -74 -86 +90 +101 +123)
(+1 +2 +3 +4 +5 +6 +7 +8 +9 +10 +11 +12 +13 +14 +15 +16 +17 +18 +19 +20 +21 +22 +23 +24 +25 +26 +27 +28 +29 +30 +31 +32 +33 +34 +35 +36 +37 +38 +39 +40 +41 +42 +43 +44 +45 +46 +47 +48 +49 +50 +51 +52 +53 +54 +55 +56 +57 +58 +59 +60 +61 +62 +63 +64 +65 +66 +67 +68 +69 -70 -107 -112 +98 +91 +118 -114 -89 +84 +79 -97 +95 -78 -80 -81 -117 -124 +75 -100 +92 -94 +106 +111 +103 -108 +116 -115 +82 -93 +96 +99 -71 +120 -122 +77 +85 +121 -87 -109 -113 -104 -110 +83 -72 +88 -105 -76 +119 +102 +73 -74 -86 +90 +101 +123)
(+1 +2 +3 +4 +5 +6 +7 +8 +9 +10 +11 +12 +13 +14 +15 +16 +17 +18 +19 +20 +21 +22 +23 +24 +25 +26 +27 +28 +29 +30 +31 +32 +33 +34 +35 +36 +37 +38 +39 +40 +41 +42 +43 +44 +45 +46 +47 +48 +49 +50 +51 +52 +53 +54 +55 +56 +57 +58 +59 +60 +61 +62 +63 +64 +65 +66 +67 +68 +69 +70 -107 -112 +98 +91 +118 -114 -89 +84 +79 -97 +95 -78 -80 -81 -117 -124 +75 -100 +92 -94 +106 +111 +103 -108 +116 -115 +82 -93 +96 +99 -71 +120 -122 +77 +85 +121 -87 -109 -113 -104 -110 +83 -72 +88 -105 -76 +119 +102 +73 -74 -86 +90 +101 +123)
(+1 +2 +3 +4 +5 +6 +7 +8 +9 +10 +11 +12 +13 +14 +15 +16 +17 +18 +19 +20 +21 +22 +23 +24 +25 +26 +27 +28 +29 +30 +31 +32 +33 +34 +35 +36 +37 +38 +39 +40 +41 +42 +43 +44 +45 +46 +47 +48 +49 +50 +51 +52 +53 +54 +55 +56 +57 +58 +59 +60 +61 +62 +63 +64 +65 +66 +67 +68 +69 +70 +71 -99 -96 +93 -82 +115 -116 +108 -103 -111 -106 +94 -92 +100 -75 +124 +117 +81 +80 +78 -95 +97 -79 -84 +89 +114 -118 -91 -98 +112 +107 +120 -122 +77 +85 +121 -87 -109 -113 -104 -110 +83 -72 +88 -105 -76 +119 +102 +73 -74 -86 +90 +101 +123)
(+1 +2 +3 +4 +5 +6 +7 +8 +9 +10 +11 +12 +13 +14 +15 +16 +17 +18 +19 +20 +21 +22 +23 +24 +25 +26 +27 +28 +29 +30 +31 +32 +33 +34 +35 +36 +37 +38 +39 +40 +41 +42 +43 +44 +45 +46 +47 +48 +49 +50 +51 +52 +53 +54 +55 +56 +57 +58 +59 +60 +61 +62 +63 +64 +65 +66 +67 +68 +69 +70 +71 +72 -83 +110 +104 +113 +109 +87 -121 -85 -77 +122 -120 -107 -112 +98 +91 +118 -114 -89 +84 +79 -97 +95 -78 -80 -81 -117 -124 +75 -100 +92 -94 +106 +111 +103 -108 +116 -115 +82 -93 +96 +99 +88 -105 -76 +119 +102 +73 -74 -86 +90 +101 +123)
(+1 +2 +3 +4 +5 +6 +7 +8 +9 +10 +11 +12 +13 +14 +15 +16 +17 +18 +19 +20 +21 +22 +23 +24 +25 +26 +27 +28 +29 +30 +31 +32 +33 +34 +35 +36 +37 +38 +39 +40 +41 +42 +43 +44 +45 +46 +47 +48 +49 +50 +51 +52 +53 +54 +55 +56 +57 +58 +59 +60 +61 +62 +63 +64 +65 +66 +67 +68 +69 +70 +71 +72 -73 -102 -119 +76 +105 -88 -99 -96 +93 -82 +115 -116 +108 -103 -111 -106 +94 -92 +100 -75 +124 +117 +81 +80 +78 -95 +97 -79 -84 +89 +114 -118 -91 -98 +112 +107 +120 -122 +77 +85 +121 -87 -109 -113 -104 -110 +83 -74 -86 +90 +101 +123)
(+1 +2 +3 +4 +5 +6 +7 +8 +9 +10 +11 +12 +13 +14 +15 +16 +17 +18 +19 +20 +21 +22 +23 +24 +25 +26 +27 +28 +29 +30 +31 +32 +33 +34 +35 +36 +37 +38 +39 +40 +41 +42 +43 +44 +45 +46 +47 +48 +49 +50 +51 +52 +53 +54 +55 +56 +57 +58 +59 +60 +61 +62 +63 +64 +65 +66 +67 +68 +69 +70 +71 +72 +73 -102 -119 +76 +105 -88 -99 -96 +93 -82 +115 -116 +108 -103 -111 -106 +94 -92 +100 -75 +124 +117 +81 +80 +78 -95 +97 -79 -84 +89 +114 -118 -91 -98 +112 +107 +120 -122 +77 +85 +121 -87 -109 -113 -104 -110 +83 -74 -86 +90 +101 +123)
(+1 +2 +3 +4 +5 +6 +7 +8 +9 +10 +11 +12 +13 +14 +15 +16 +17 +18 +19 +20 +21 +22 +23 +24 +25 +26 +27 +28 +29 +30 +31 +32 +33 +34 +35 +36 +37 +38 +39 +40 +41 +42 +43 +44 +45 +46 +47 +48 +49 +50 +51 +52 +53 +54 +55 +56 +57 +58 +59 +60 +61 +62 +63 +64 +65 +66 +67 +68 +69 +70 +71 +72 +73 +74 -83 +110 +104 +113 +109 +87 -121 -85 -77 +122 -120 -107 -112 +98 +91 +118 -114 -89 +84 +79 -97 +95 -78 -80 -81 -117 -124 +75 -100 +92 -94 +106 +111 +103 -108 +116 -115 +82 -93 +96 +99 +88 -105 -76 +119 +102 -86 +90 +101 +123)
(+1 +2 +3 +4 +5 +6 +7 +8 +9 +10 +11 +12 +13 +14 +15 +16 +17 +18 +19 +20 +21 +22 +23 +24 +25 +26 +27 +28 +29 +30 +31 +32 +33 +34 +35 +36 +37 +38 +39 +40 +41 +42 +43 +44 +45 +46 +47 +48 +49 +50 +51 +52 +53 +54 +55 +56 +57 +58 +59 +60 +61 +62 +63 +64 +65 +66 +67 +68 +69 +70 +71 +72 +73 +74 -75 +124 +117 +81 +80 +78 -95 +97 -79 -84 +89 +114 -118 -91 -98 +112 +107 +120 -122 +77 +85 +121 -87 -109 -113 -104 -110 +83 -100 +92 -94 +106 +111 +103 -108 +116 -115 +82 -93 +96 +99 +88 -105 -76 +119 +102 -86 +90 +101 +123)
(+1 +2 +3 +4 +5 +6 +7 +8 +9 +10 +11 +12 +13 +14 +15 +16 +17 +18 +19 +20 +21 +22 +23 +24 +25 +26 +27 +28 +29 +30 +31 +32 +33 +34 +35 +36 +37 +38 +39 +40 +41 +42 +43 +44 +45 +46 +47 +48 +49 +50 +51 +52 +53 +54 +55 +56 +57 +58 +59 +60 +61 +62 +63 +64 +65 +66 +67 +68 +69 +70 +71 +72 +73 +74 +75 +124 +117 +81 +80 +78 -95 +97 -79 -84 +89 +114 -118 -91 -98 +112 +107 +120 -122 +77 +85 +121 -87 -109 -113 -104 -110 +83 -100 +92 -94 +106 +111 +103 -108 +116 -115 +82 -93 +96 +99 +88 -105 -76 +119 +102 -86 +90 +101 +123)
(+1 +2 +3 +4 +5 +6 +7 +8 +9 +10 +11 +12 +13 +14 +15 +16 +17 +18 +19 +20 +21 +22 +23 +24 +25 +26 +27 +28 +29 +30 +31 +32 +33 +34 +35 +36 +37 +38 +39 +40 +41 +42 +43 +44 +45 +46 +47 +48 +49 +50 +51 +52 +53 +54 +55 +56 +57 +58 +59 +60 +61 +62 +63 +64 +65 +66 +67 +68 +69 +70 +71 +72 +73 +74 +75 +76 +105 -88 -99 -96 +93 -82 +115 -116 +108 -103 -111 -106 +94 -92 +100 -83 +110 +104 +113 +109 +87 -121 -85 -77 +122 -120 -107 -112 +98 +91 +118 -114 -89 +84 +79 -97 +95 -78 -80 -81 -117 -124 +119 +102 -86 +90 +101 +123)
(+1 +2 +3 +4 +5 +6 +7 +8 +9 +10 +11 +12 +13 +14 +15 +16 +17 +18 +19 +20 +21 +22 +23 +24 +25 +26 +27 +28 +29 +30 +31 +32 +33 +34 +35 +36 +37 +38 +39 +40 +41 +42 +43 +44 +45 +46 +47 +48 +49 +50 +51 +52 +53 +54 +55 +56 +57 +58 +59 +60 +61 +62 +63 +64 +65 +66 +67 +68 +69 +70 +71 +72 +73 +74 +75 +76 +77 +85 +121 -87 -109 -113 -104 -110 +83 -100 +92 -94 +106 +111 +103 -108 +116 -115 +82 -93 +96 +99 +88 -105 +122 -120 -107 -112 +98 +91 +118 -114 -89 +84 +79 -97 +95 -78 -80 -81 -117 -124 +119 +102 -86 +90 +101 +123)
(+1 +2 +3 +4 +5 +6 +7 +8 +9 +10 +11 +12 +13 +14 +15 +16 +17 +18 +19 +20 +21 +22 +23 +24 +25 +26 +27 +28 +29 +30 +31 +32 +33 +34 +35 +36 +37 +38 +39 +40 +41 +42 +43 +44 +45 +46 +47 +48 +49 +50 +51 +52 +53 +54 +55 +56 +57 +58 +59 +60 +61 +62 +63 +64 +65 +66 +67 +68 +69 +70 +71 +72 +73 +74 +75 +76 +77 +78 -95 +97 -79 -84 +89 +114 -118 -91 -98 +112 +107 +120 -122 +105 -88 -99 -96 +93 -82 +115 -116 +108 -103 -111 -106 +94 -92 +100 -83 +110 +104 +113 +109 +87 -121 -85 -80 -81 -117 -124 +119 +102 -86 +90 +101 +123)
(+1 +2 +3 +4 +5 +6 +7 +8 +9 +10 +11 +12 +13 +14 +15 +16 +17 +18 +19 +20 +21 +22 +23 +24 +25 +26 +27 +28 +29 +30 +31 +32 +33 +34 +35 +36 +37 +38 +39 +40 +41 +42 +43 +44 +45 +46 +47 +48 +49 +50 +51 +52 +53 +54 +55 +56 +57 +58 +59 +60 +61 +62 +63 +64 +65 +66 +67 +68 +69 +70 +71 +72 +73 +74 +75 +76 +77 +78 +79 -97 +95 -84 +89 +114 -118 -91 -98 +112 +107 +120 -122 +105 -88 -99 -96 +93 -82 +115 -116 +108 -103 -111 -106 +94 -92 +100 -83 +110 +104 +113 +109 +87 -121 -85 -80 -81 -117 -124 +119 +102 -86 +90 +101 +123)
(+1 +2 +3 +4 +5 +6 +7 +8 +9 +10 +11 +12 +13 +14 +15 +16 +17 +18 +19 +20 +21 +22 +23 +24 +25 +26 +27 +28 +29 +30 +31 +32 +33 +34 +35 +36 +37 +38 +39 +40 +41 +42 +43 +44 +45 +46 +47 +48 +49 +50 +51 +52 +53 +54 +55 +56 +57 +58 +59 +60 +61 +62 +63 +64 +65 +66 +67 +68 +69 +70 +71 +72 +73 +74 +75 +76 +77 +78 +79 +80 +85 +121 -87 -109 -113 -104 -110 +83 -100 +92 -94 +106 +111 +103 -108 +116 -115 +82 -93 +96 +99 +88 -105 +122 -120 -107 -112 +98 +91 +118 -114 -89 +84 -95 +97 -81 -117 -124 +119 +102 -86 +90 +101 +123)
(+1 +2 +3 +4 +5 +6 +7 +8 +9 +10 +11 +12 +13 +14 +15 +16 +17 +18 +19 +20 +21 +22 +23 +24 +25 +26 +27 +28 +29 +30 +31 +32 +33 +34 +35 +36 +37 +38 +39 +40 +41 +42 +43 +44 +45 +46 +47 +48 +49 +50 +51 +52 +53 +54 +55 +56 +57 +58 +59 +60 +61 +62 +63 +64 +65 +66 +67 +68 +69 +70 +71 +72 +73 +74 +75 +76 +77 +78 +79 +80 +81 -97 +95 -84 +89 +114 -118 -91 -98 +112 +107 +120 -122 +105 -88 -99 -96 +93 -82 +115 -116 +108 -103 -111 -106 +94 -92 +100 -83 +110 +104 +113 +109 +87 -121 -85 -117 -124 +119 +102 -86 +90 +101 +123)
(+1 +2 +3 +4 +5 +6 +7 +8 +9 +10 +11 +12 +13 +14 +15 +16 +17 +18 +19 +20 +21 +22 +23 +24 +25 +26 +27 +28 +29 +30 +31 +32 +33 +34 +35 +36 +37 +38 +39 +40 +41 +42 +43 +44 +45 +46 +47 +48 +49 +50 +51 +52 +53 +54 +55 +56 +57 +58 +59 +60 +61 +62 +63 +64 +65 +66 +67 +68 +69 +70 +71 +72 +73 +74 +75 +76 +77 +78 +79 +80 +81 +82 -93 +96 +99 +88 -105 +122 -120 -107 -112 +98 +91 +118 -114 -89 +84 -95 +97 +115 -116 +108 -103 -111 -106 +94 -92 +100 -83 +110 +104 +113 +109 +87 -121 -85 -117 -124 +119 +102 -86 +90 +101 +123)
(+1 +2 +3 +4 +5 +6 +7 +8 +9 +10 +11 +12 +13 +14 +15 +16 +17 +18 +19 +20 +21 +22 +23 +24 +25 +26 +27 +28 +29 +30 +31 +32 +33 +34 +35 +36 +37 +38 +39 +40 +41 +42 +43 +44 +45 +46 +47 +48 +49 +50 +51 +52 +53 +54 +55 +56 +57 +58 +59 +60 +61 +62 +63 +64 +65 +66 +67 +68 +69 +70 +71 +72 +73 +74 +75 +76 +77 +78 +79 +80 +81 +82 +83 -100 +92 -94 +106 +111 +103 -108 +116 -115 -97 +95 -84 +89 +114 -118 -91 -98 +112 +107 +120 -122 +105 -88 -99 -96 +93 +110 +104 +113 +109 +87 -121 -85 -117 -124 +119 +102 -86 +90 +101 +123)
(+1 +2 +3 +4 +5 +6 +7 +8 +9 +10 +11 +12 +13 +14 +15 +16 +17 +18 +19 +20 +21 +22 +23 +24 +25 +26 +27 +28 +29 +30 +31 +32 +33 +34 +35 +36 +37 +38 +39 +40 +41 +42 +43 +44 +45 +46 +47 +48 +49 +50 +51 +52 +53 +54 +55 +56 +57 +58 +59 +60 +61 +62 +63 +64 +65 +66 +67 +68 +69 +70 +71 +72 +73 +74 +75 +76 +77 +78 +79 +80 +81 +82 +83 +84 -95 +97 +115 -116 +108 -103 -111 -106 +94 -92 +100 +89 +114 -118 -91 -98 +112 +107 +120 -122 +105 -88 -99 -96 +93 +110 +104 +113 +109 +87 -121 -85 -117 -124 +119 +102 -86 +90 +101 +123)
(+1 +2 +3 +4 +5 +6 +7 +8 +9 +10 +11 +12 +13 +14 +15 +16 +17 +18 +19 +20 +21 +22 +23 +24 +25 +26 +27 +28 +29 +30 +31 +32 +33 +34 +35 +36 +37 +38 +39 +40 +41 +42 +43 +44 +45 +46 +47 +48 +49 +50 +51 +52 +53 +54 +55 +56 +57 +58 +59 +60 +61 +62 +63 +64 +65 +66 +67 +68 +69 +70 +71 +72 +73 +74 +75 +76 +77 +78 +79 +80 +81 +82 +83 +84 +85 +121 -87 -109 -113 -104 -110 -93 +96 +99 +88 -105 +122 -120 -107 -112 +98 +91 +118 -114 -89 -100 +92 -94 +106 +111 +103 -108 +116 -115 -97 +95 -117 -124 +119 +102 -86 +90 +101 +123)
(+1 +2 +3 +4 +5 +6 +7 +8 +9 +10 +11 +12 +13 +14 +15 +16 +17 +18 +19 +20 +21 +22 +23 +24 +25 +26 +27 +28 +29 +30 +31 +32 +33 +34 +35 +36 +37 +38 +39 +40 +41 +42 +43 +44 +45 +46 +47 +48 +49 +50 +51 +52 +53 +54 +55 +56 +57 +58 +59 +60 +61 +62 +63 +64 +65 +66 +67 +68 +69 +70 +71 +72 +73 +74 +75 +76 +77 +78 +79 +80 +81 +82 +83 +84 +85 +86 -102 -119 +124 +117 -95 +97 +115 -116 +108 -103 -111 -106 +94 -92 +100 +89 +114 -118 -91 -98 +112 +107 +120 -122 +105 -88 -99 -96 +93 +110 +104 +113 +109 +87 -121 +90 +101 +123)
(+1 +2 +3 +4 +5 +6 +7 +8 +9 +10 +11 +12 +13 +14 +15 +16 +17 +18 +19 +20 +21 +22 +23 +24 +25 +26 +27 +28 +29 +30 +31 +32 +33 +34 +35 +36 +37 +38 +39 +40 +41 +42 +43 +44 +45 +46 +47 +48 +49 +50 +51 +52 +53 +54 +55 +56 +57 +58 +59 +60 +61 +62 +63 +64 +65 +66 +67 +68 +69 +70 +71 +72 +73 +74 +75 +76 +77 +78 +79 +80 +81 +82 +83 +84 +85 +86 -87 -109 -113 -104 -110 -93 +96 +99 +88 -105 +122 -120 -107 -112 +98 +91 +118 -114 -89 -100 +92 -94 +106 +111 +103 -108 +116 -115 -97 +95 -117 -124 +119 +102 -121 +90 +101 +123)
(+1 +2 +3 +4 +5 +6 +7 +8 +9 +10 +11 +12 +13 +14 +15 +16 +17 +18 +19 +20 +21 +22 +23 +24 +25 +26 +27 +28 +29 +30 +31 +32 +33 +34 +35 +36 +37 +38 +39 +40 +41 +42 +43 +44 +45 +46 +47 +48 +49 +50 +51 +52 +53 +54 +55 +56 +57 +58 +59 +60 +61 +62 +63 +64 +65 +66 +67 +68 +69 +70 +71 +72 +73 +74 +75 +76 +77 +78 +79 +80 +81 +82 +83 +84 +85 +86 +87 -109 -113 -104 -110 -93 +96 +99 +88 -105 +122 -120 -107 -112 +98 +91 +118 -114 -89 -100 +92 -94 +106 +111 +103 -108 +116 -115 -97 +95 -117 -124 +119 +102 -121 +90 +101 +123)
(+1 +2 +3 +4 +5 +6 +7 +8 +9 +10 +11 +12 +13 +14 +15 +16 +17 +18 +19 +20 +21 +22 +23 +24 +25 +26 +27 +28 +29 +30 +31 +32 +33 +34 +35 +36 +37 +38 +39 +40 +41 +42 +43 +44 +45 +46 +47 +48 +49 +50 +51 +52 +53 +54 +55 +56 +57 +58 +59 +60 +61 +62 +63 +64 +65 +66 +67 +68 +69 +70 +71 +72 +73 +74 +75 +76 +77 +78 +79 +80 +81 +82 +83 +84 +85 +86 +87 -88 -99 -96 +93 +110 +104 +113 +109 -105 +122 -120 -107 -112 +98 +91 +118 -114 -89 -100 +92 -94 +106 +111 +103 -108 +116 -115 -97 +95 -117 -124 +119 +102 -121 +90 +101 +123)
(+1 +2 +3 +4 +5 +6 +7 +8 +9 +10 +11 +12 +13 +14 +15 +16 +17 +18 +19 +20 +21 +22 +23 +24 +25 +26 +27 +28 +29 +30 +31 +32 +33 +34 +35 +36 +37 +38 +39 +40 +41 +42 +43 +44 +45 +46 +47 +48 +49 +50 +51 +52 +53 +54 +55 +56 +57 +58 +59 +60 +61 +62 +63 +64 +65 +66 +67 +68 +69 +70 +71 +72 +73 +74 +75 +76 +77 +78 +79 +80 +81 +82 +83 +84 +85 +86 +87 +88 -99 -96 +93 +110 +104 +113 +109 -105 +122 -120 -107 -112 +98 +91 +118 -114 -89 -100 +92 -94 +106 +111 +103 -108 +116 -115 -97 +95 -117 -124 +119 +102 -121 +90 +101 +123)
(+1 +2 +3 +4 +5 +6 +7 +8 +9 +10 +11 +12 +13 +14 +15 +16 +17 +18 +19 +20 +21 +22 +23 +24 +25 +26 +27 +28 +29 +30 +31 +32 +33 +34 +35 +36 +37 +38 +39 +40 +41 +42 +43 +44 +45 +46 +47 +48 +49 +50 +51 +52 +53 +54 +55 +56 +57 +58 +59 +60 +61 +62 +63 +64 +65 +66 +67 +68 +69 +70 +71 +72 +73 +74 +75 +76 +77 +78 +79 +80 +81 +82 +83 +84 +85 +86 +87 +88 +89 +114 -118 -91 -98 +112 +107 +120 -122 +105 -109 -113 -104 -110 -93 +96 +99 -100 +92 -94 +106 +111 +103 -108 +116 -115 -97 +95 -117 -124 +119 +102 -121 +90 +101 +123)
(+1 +2 +3 +4 +5 +6 +7 +8 +9 +10 +11 +12 +13 +14 +15 +16 +17 +18 +19 +20 +21 +22 +23 +24 +25 +26 +27 +28 +29 +30 +31 +32 +33 +34 +35 +36 +37 +38 +39 +40 +41 +42 +43 +44 +45 +46 +47 +48 +49 +50 +51 +52 +53 +54 +55 +56 +57 +58 +59 +60 +61 +62 +63 +64 +65 +66 +67 +68 +69 +70 +71 +72 +73 +74 +75 +76 +77 +78 +79 +80 +81 +82 +83 +84 +85 +86 +87 +88 +89 -90 +121 -102 -119 +124 +117 -95 +97 +115 -116 +108 -103 -111 -106 +94 -92 +100 -99 -96 +93 +110 +104 +113 +109 -105 +122 -120 -107 -112 +98 +91 +118 -114 +101 +123)
(+1 +2 +3 +4 +5 +6 +7 +8 +9 +10 +11 +12 +13 +14 +15 +16 +17 +18 +19 +20 +21 +22 +23 +24 +25 +26 +27 +28 +29 +30 +31 +32 +33 +34 +35 +36 +37 +38 +39 +40 +41 +42 +43 +44 +45 +46 +47 +48 +49 +50 +51 +52 +53 +54 +55 +56 +57 +58 +59 +60 +61 +62 +63 +64 +65 +66 +67 +68 +69 +70 +71 +72 +73 +74 +75 +76 +77 +78 +79 +80 +81 +82 +83 +84 +85 +86 +87 +88 +89 +90 +121 -102 -119 +124 +117 -95 +97 +115 -116 +108 -103 -111 -106 +94 -92 +100 -99 -96 +93 +110 +104 +113 +109 -105 +122 -120 -107 -112 +98 +91 +118 -114 +101 +123)
(+1 +2 +3 +4 +5 +6 +7 +8 +9 +10 +11 +12 +13 +14 +15 +16 +17 +18 +19 +20 +21 +22 +23 +24 +25 +26 +27 +28 +29 +30 +31 +32 +33 +34 +35 +36 +37 +38 +39 +40 +41 +42 +43 +44 +45 +46 +47 +48 +49 +50 +51 +52 +53 +54 +55 +56 +57 +58 +59 +60 +61 +62 +63 +64 +65 +66 +67 +68 +69 +70 +71 +72 +73 +74 +75 +76 +77 +78 +79 +80 +81 +82 +83 +84 +85 +86 +87 +88 +89 +90 -91 -98 +112 +107 +120 -122 +105 -109 -113 -104 -110 -93 +96 +99 -100 +92 -94 +106 +111 +103 -108 +116 -115 -97 +95 -117 -124 +119 +102 -121 +118 -114 +101 +123)
(+1 +2 +3 +4 +5 +6 +7 +8 +9 +10 +11 +12 +13 +14 +15 +16 +17 +18 +19 +20 +21 +22 +23 +24 +25 +26 +27 +28 +29 +30 +31 +32 +33 +34 +35 +36 +37 +38 +39 +40 +41 +42 +43 +44 +45 +46 +47 +48 +49 +50 +51 +52 +53 +54 +55 +56 +57 +58 +59 +60 +61 +62 +63 +64 +65 +66 +67 +68 +69 +70 +71 +72 +73 +74 +75 +76 +77 +78 +79 +80 +81 +82 +83 +84 +85 +86 +87 +88 +89 +90 +91 -98 +112 +107 +120 -122 +105 -109 -113 -104 -110 -93 +96 +99 -100 +92 -94 +106 +111 +103 -108 +116 -115 -97 +95 -117 -124 +119 +102 -121 +118 -114 +101 +123)
(+1 +2 +3 +4 +5 +6 +7 +8 +9 +10 +11 +12 +13 +14 +15 +16 +17 +18 +19 +20 +21 +22 +23 +24 +25 +26 +27 +28 +29 +30 +31 +32 +33 +34 +35 +36 +37 +38 +39 +40 +41 +42 +43 +44 +45 +46 +47 +48 +49 +50 +51 +52 +53 +54 +55 +56 +57 +58 +59 +60 +61 +62 +63 +64 +65 +66 +67 +68 +69 +70 +71 +72 +73 +74 +75 +76 +77 +78 +79 +80 +81 +82 +83 +84 +85 +86 +87 +88 +89 +90 +91 -92 +100 -99 -96 +93 +110 +104 +113 +109 -105 +122 -120 -107 -112 +98 -94 +106 +111 +103 -108 +116 -115 -97 +95 -117 -124 +119 +102 -121 +118 -114 +101 +123)
(+1 +2 +3 +4 +5 +6 +7 +8 +9 +10 +11 +12 +13 +14 +15 +16 +17 +18 +19 +20 +21 +22 +23 +24 +25 +26 +27 +28 +29 +30 +31 +32 +33 +34 +35 +36 +37 +38 +39 +40 +41 +42 +43 +44 +45 +46 +47 +48 +49 +50 +51 +52 +53 +54 +55 +56 +57 +58 +59 +60 +61 +62 +63 +64 +65 +66 +67 +68 +69 +70 +71 +72 +73 +74 +75 +76 +77 +78 +79 +80 +81 +82 +83 +84 +85 +86 +87 +88 +89 +90 +91 +92 +100 -99 -96 +93 +110 +104 +113 +109 -105 +122 -120 -107 -112 +98 -94 +106 +111 +103 -108 +116 -115 -97 +95 -117 -124 +119 +102 -121 +118 -114 +101 +123)
(+1 +2 +3 +4 +5 +6 +7 +8 +9 +10 +11 +12 +13 +14 +15 +16 +17 +18 +19 +20 +21 +22 +23 +24 +25 +26 +27 +28 +29 +30 +31 +32 +33 +34 +35 +36 +37 +38 +39 +40 +41 +42 +43 +44 +45 +46 +47 +48 +49 +50 +51 +52 +53 +54 +55 +56 +57 +58 +59 +60 +61 +62 +63 +64 +65 +66 +67 +68 +69 +70 +71 +72 +73 +74 +75 +76 +77 +78 +79 +80 +81 +82 +83 +84 +85 +86 +87 +88 +89 +90 +91 +92 -93 +96 +99 -100 +110 +104 +113 +109 -105 +122 -120 -107 -112 +98 -94 +106 +111 +103 -108 +116 -115 -97 +95 -117 -124 +119 +102 -121 +118 -114 +101 +123)
(+1 +2 +3 +4 +5 +6 +7 +8 +9 +10 +11 +12 +13 +14 +15 +16 +17 +18 +19 +20 +21 +22 +23 +24 +25 +26 +27 +28 +29 +30 +31 +32 +33 +34 +35 +36 +37 +38 +39 +40 +41 +42 +43 +44 +45 +46 +47 +48 +49 +50 +51 +52 +53 +54 +55 +56 +57 +58 +59 +60 +61 +62 +63 +64 +65 +66 +67 +68 +69 +70 +71 +72 +73 +74 +75 +76 +77 +78 +79 +80 +81 +82 +83 +84 +85 +86 +87 +88 +89 +90 +91 +92 +93 +96 +99 -100 +110 +104 +113 +109 -105 +122 -120 -107 -112 +98 -94 +106 +111 +103 -108 +116 -115 -97 +95 -117 -124 +119 +102 -121 +118 -114 +101 +123)
(+1 +2 +3 +4 +5 +6 +7 +8 +9 +10 +11 +12 +13 +14 +15 +16 +17 +18 +19 +20 +21 +22 +23 +24 +25 +26 +27 +28 +29 +30 +31 +32 +33 +34 +35 +36 +37 +38 +39 +40 +41 +42 +43 +44 +45 +46 +47 +48 +49 +50 +51 +52 +53 +54 +55 +56 +57 +58 +59 +60 +61 +62 +63 +64 +65 +66 +67 +68 +69 +70 +71 +72 +73 +74 +75 +76 +77 +78 +79 +80 +81 +82 +83 +84 +85 +86 +87 +88 +89 +90 +91 +92 +93 +94 -98 +112 +107 +120 -122 +105 -109 -113 -104 -110 +100 -99 -96 +106 +111 +103 -108 +116 -115 -97 +95 -117 -124 +119 +102 -121 +118 -114 +101 +123)
(+1 +2 +3 +4 +5 +6 +7 +8 +9 +10 +11 +12 +13 +14 +15 +16 +17 +18 +19 +20 +21 +22 +23 +24 +25 +26 +27 +28 +29 +30 +31 +32 +33 +34 +35 +36 +37 +38 +39 +40 +41 +42 +43 +44 +45 +46 +47 +48 +49 +50 +51 +52 +53 +54 +55 +56 +57 +58 +59 +60 +61 +62 +63 +64 +65 +66 +67 +68 +69 +70 +71 +72 +73 +74 +75 +76 +77 +78 +79 +80 +81 +82 +83 +84 +85 +86 +87 +88 +89 +90 +91 +92 +93 +94 -95 +97 +115 -116 +108 -103 -111 -106 +96 +99 -100 +110 +104 +113 +109 -105 +122 -120 -107 -112 +98 -117 -124 +119 +102 -121 +118 -114 +101 +123)
(+1 +2 +3 +4 +5 +6 +7 +8 +9 +10 +11 +12 +13 +14 +15 +16 +17 +18 +19 +20 +21 +22 +23 +24 +25 +26 +27 +28 +29 +30 +31 +32 +33 +34 +35 +36 +37 +38 +39 +40 +41 +42 +43 +44 +45 +46 +47 +48 +49 +50 +51 +52 +53 +54 +55 +56 +57 +58 +59 +60 +61 +62 +63 +64 +65 +66 +67 +68 +69 +70 +71 +72 +73 +74 +75 +76 +77 +78 +79 +80 +81 +82 +83 +84 +85 +86 +87 +88 +89 +90 +91 +92 +93 +94 +95 +97 +115 -116 +108 -103 -111 -106 +96 +99 -100 +110 +104 +113 +109 -105 +122 -120 -107 -112 +98 -117 -124 +119 +102 -121 +118 -114 +101 +123)
(+1 +2 +3 +4 +5 +6 +7 +8 +9 +10 +11 +12 +13 +14 +15 +16 +17 +18 +19 +20 +21 +22 +23 +24 +25 +26 +27 +28 +29 +30 +31 +32 +33 +34 +35 +36 +37 +38 +39 +40 +41 +42 +43 +44 +45 +46 +47 +48 +49 +50 +51 +52 +53 +54 +55 +56 +57 +58 +59 +60 +61 +62 +63 +64 +65 +66 +67 +68 +69 +70 +71 +72 +73 +74 +75 +76 +77 +78 +79 +80 +81 +82 +83 +84 +85 +86 +87 +88 +89 +90 +91 +92 +93 +94 +95 -96 +106 +111 +103 -108 +116 -115 -97 +99 -100 +110 +104 +113 +109 -105 +122 -120 -107 -112 +98 -117 -124 +119 +102 -121 +118 -114 +101 +123)
(+1 +2 +3 +4 +5 +6 +7 +8 +9 +10 +11 +12 +13 +14 +15 +16 +17 +18 +19 +20 +21 +22 +23 +24 +25 +26 +27 +28 +29 +30 +31 +32 +33 +34 +35 +36 +37 +38 +39 +40 +41 +42 +43 +44 +45 +46 +47 +48 +49 +50 +51 +52 +53 +54 +55 +56 +57 +58 +59 +60 +61 +62 +63 +64 +65 +66 +67 +68 +69 +70 +71 +72 +73 +74 +75 +76 +77 +78 +79 +80 +81 +82 +83 +84 +85 +86 +87 +88 +89 +90 +91 +92 +93 +94 +95 +96 +106 +111 +103 -108 +116 -115 -97 +99 -100 +110 +104 +113 +109 -105 +122 -120 -107 -112 +98 -117 -124 +119 +102 -121 +118 -114 +101 +123)
(+1 +2 +3 +4 +5 +6 +7 +8 +9 +10 +11 +12 +13 +14 +15 +16 +17 +18 +19 +20 +21 +22 +23 +24 +25 +26 +27 +28 +29 +30 +31 +32 +33 +34 +35 +36 +37 +38 +39 +40 +41 +42 +43 +44 +45 +46 +47 +48 +49 +50 +51 +52 +53 +54 +55 +56 +57 +58 +59 +60 +61 +62 +63 +64 +65 +66 +67 +68 +69 +70 +71 +72 +73 +74 +75 +76 +77 +78 +79 +80 +81 +82 +83 +84 +85 +86 +87 +88 +89 +90 +91 +92 +93 +94 +95 +96 +97 +115 -116 +108 -103 -111 -106 +99 -100 +110 +104 +113 +109 -105 +122 -120 -107 -112 +98 -117 -124 +119 +102 -121 +118 -114 +101 +123)
(+1 +2 +3 +4 +5 +6 +7 +8 +9 +10 +11 +12 +13 +14 +15 +16 +17 +18 +19 +20 +21 +22 +23 +24 +25 +26 +27 +28 +29 +30 +31 +32 +33 +34 +35 +36 +37 +38 +39 +40 +41 +42 +43 +44 +45 +46 +47 +48 +49 +50 +51 +52 +53 +54 +55 +56 +57 +58 +59 +60 +61 +62 +63 +64 +65 +66 +67 +68 +69 +70 +71 +72 +73 +74 +75 +76 +77 +78 +79 +80 +81 +82 +83 +84 +85 +86 +87 +88 +89 +90 +91 +92 +93 +94 +95 +96 +97 -98 +112 +107 +120 -122 +105 -109 -113 -104 -110 +100 -99 +106 +111 +103 -108 +116 -115 -117 -124 +119 +102 -121 +118 -114 +101 +123)
(+1 +2 +3 +4 +5 +6 +7 +8 +9 +10 +11 +12 +13 +14 +15 +16 +17 +18 +19 +20 +21 +22 +23 +24 +25 +26 +27 +28 +29 +30 +31 +32 +33 +34 +35 +36 +37 +38 +39 +40 +41 +42 +43 +44 +45 +46 +47 +48 +49 +50 +51 +52 +53 +54 +55 +56 +57 +58 +59 +60 +61 +62 +63 +64 +65 +66 +67 +68 +69 +70 +71 +72 +73 +74 +75 +76 +77 +78 +79 +80 +81 +82 +83 +84 +85 +86 +87 +88 +89 +90 +91 +92 +93 +94 +95 +96 +97 +98 +112 +107 +120 -122 +105 -109 -113 -104 -110 +100 -99 +106 +111 +103 -108 +116 -115 -117 -124 +119 +102 -121 +118 -114 +101 +123)
(+1 +2 +3 +4 +5 +6 +7 +8 +9 +10 +11 +12 +13 +14 +15 +16 +17 +18 +19 +20 +21 +22 +23 +24 +25 +26 +27 +28 +29 +30 +31 +32 +33 +34 +35 +36 +37 +38 +39 +40 +41 +42 +43 +44 +45 +46 +47 +48 +49 +50 +51 +52 +53 +54 +55 +56 +57 +58 +59 +60 +61 +62 +63 +64 +65 +66 +67 +68 +69 +70 +71 +72 +73 +74 +75 +76 +77 +78 +79 +80 +81 +82 +83 +84 +85 +86 +87 +88 +89 +90 +91 +92 +93 +94 +95 +96 +97 +98 +99 -100 +110 +104 +113 +109 -105 +122 -120 -107 -112 +106 +111 +103 -108 +116 -115 -117 -124 +119 +102 -121 +118 -114 +101 +123)
(+1 +2 +3 +4 +5 +6 +7 +8 +9 +10 +11 +12 +13 +14 +15 +16 +17 +18 +19 +20 +21 +22 +23 +24 +25 +26 +27 +28 +29 +30 +31 +32 +33 +34 +35 +36 +37 +38 +39 +40 +41 +42 +43 +44 +45 +46 +47 +48 +49 +50 +51 +52 +53 +54 +55 +56 +57 +58 +59 +60 +61 +62 +63 +64 +65 +66 +67 +68 +69 +70 +71 +72 +73 +74 +75 +76 +77 +78 +79 +80 +81 +82 +83 +84 +85 +86 +87 +88 +89 +90 +91 +92 +93 +94 +95 +96 +97 +98 +99 +100 +110 +104 +113 +109 -105 +122 -120 -107 -112 +106 +111 +103 -108 +116 -115 -117 -124 +119 +102 -121 +118 -114 +101 +123)
(+1 +2 +3 +4 +5 +6 +7 +8 +9 +10 +11 +12 +13 +14 +15 +16 +17 +18 +19 +20 +21 +22 +23 +24 +25 +26 +27 +28 +29 +30 +31 +32 +33 +34 +35 +36 +37 +38 +39 +40 +41 +42 +43 +44 +45 +46 +47 +48 +49 +50 +51 +52 +53 +54 +55 +56 +57 +58 +59 +60 +61 +62 +63 +64 +65 +66 +67 +68 +69 +70 +71 +72 +73 +74 +75 +76 +77 +78 +79 +80 +81 +82 +83 +84 +85 +86 +87 +88 +89 +90 +91 +92 +93 +94 +95 +96 +97 +98 +99 +100 -101 +114 -118 +121 -102 -119 +124 +117 +115 -116 +108 -103 -111 -106 +112 +107 +120 -122 +105 -109 -113 -104 -110 +123)
(+1 +2 +3 +4 +5 +6 +7 +8 +9 +10 +11 +12 +13 +14 +15 +16 +17 +18 +19 +20 +21 +22 +23 +24 +25 +26 +27 +28 +29 +30 +31 +32 +33 +34 +35 +36 +37 +38 +39 +40 +41 +42 +43 +44 +45 +46 +47 +48 +49 +50 +51 +52 +53 +54 +55 +56 +57 +58 +59 +60 +61 +62 +63 +64 +65 +66 +67 +68 +69 +70 +71 +72 +73 +74 +75 +76 +77 +78 +79 +80 +81 +82 +83 +84 +85 +86 +87 +88 +89 +90 +91 +92 +93 +94 +95 +96 +97 +98 +99 +100 +101 +114 -118 +121 -102 -119 +124 +117 +115 -116 +108 -103 -111 -106 +112 +107 +120 -122 +105 -109 -113 -104 -110 +123)
(+1 +2 +3 +4 +5 +6 +7 +8 +9 +10 +11 +12 +13 +14 +15 +16 +17 +18 +19 +20 +21 +22 +23 +24 +25 +26 +27 +28 +29 +30 +31 +32 +33 +34 +35 +36 +37 +38 +39 +40 +41 +42 +43 +44 +45 +46 +47 +48 +49 +50 +51 +52 +53 +54 +55 +56 +57 +58 +59 +60 +61 +62 +63 +64 +65 +66 +67 +68 +69 +70 +71 +72 +73 +74 +75 +76 +77 +78 +79 +80 +81 +82 +83 +84 +85 +86 +87 +88 +89 +90 +91 +92 +93 +94 +95 +96 +97 +98 +99 +100 +101 +102 -121 +118 -114 -119 +124 +117 +115 -116 +108 -103 -111 -106 +112 +107 +120 -122 +105 -109 -113 -104 -110 +123)
(+1 +2 +3 +4 +5 +6 +7 +8 +9 +10 +11 +12 +13 +14 +15 +16 +17 +18 +19 +20 +21 +22 +23 +24 +25 +26 +27 +28 +29 +30 +31 +32 +33 +34 +35 +36 +37 +38 +39 +40 +41 +42 +43 +44 +45 +46 +47 +48 +49 +50 +51 +52 +53 +54 +55 +56 +57 +58 +59 +60 +61 +62 +63 +64 +65 +66 +67 +68 +69 +70 +71 +72 +73 +74 +75 +76 +77 +78 +79 +80 +81 +82 +83 +84 +85 +86 +87 +88 +89 +90 +91 +92 +93 +94 +95 +96 +97 +98 +99 +100 +101 +102 +103 -108 +116 -115 -117 -124 +119 +114 -118 +121 -111 -106 +112 +107 +120 -122 +105 -109 -113 -104 -110 +123)
(+1 +2 +3 +4 +5 +6 +7 +8 +9 +10 +11 +12 +13 +14 +15 +16 +17 +18 +19 +20 +21 +22 +23 +24 +25 +26 +27 +28 +29 +30 +31 +32 +33 +34 +35 +36 +37 +38 +39 +40 +41 +42 +43 +44 +45 +46 +47 +48 +49 +50 +51 +52 +53 +54 +55 +56 +57 +58 +59 +60 +61 +62 +63 +64 +65 +66 +67 +68 +69 +70 +71 +72 +73 +74 +75 +76 +77 +78 +79 +80 +81 +82 +83 +84 +85 +86 +87 +88 +89 +90 +91 +92 +93 +94 +95 +96 +97 +98 +99 +100 +101 +102 +103 +104 +113 +109 -105 +122 -120 -107 -112 +106 +111 -121 +118 -114 -119 +124 +117 +115 -116 +108 -110 +123)
(+1 +2 +3 +4 +5 +6 +7 +8 +9 +10 +11 +12 +13 +14 +15 +16 +17 +18 +19 +20 +21 +22 +23 +24 +25 +26 +27 +28 +29 +30 +31 +32 +33 +34 +35 +36 +37 +38 +39 +40 +41 +42 +43 +44 +45 +46 +47 +48 +49 +50 +51 +52 +53 +54 +55 +56 +57 +58 +59 +60 +61 +62 +63 +64 +65 +66 +67 +68 +69 +70 +71 +72 +73 +74 +75 +76 +77 +78 +79 +80 +81 +82 +83 +84 +85 +86 +87 +88 +89 +90 +91 +92 +93 +94 +95 +96 +97 +98 +99 +100 +101 +102 +103 +104 +105 -109 -113 +122 -120 -107 -112 +106 +111 -121 +118 -114 -119 +124 +117 +115 -116 +108 -110 +123)
(+1 +2 +3 +4 +5 +6 +7 +8 +9 +10 +11 +12 +13 +14 +15 +16 +17 +18 +19 +20 +21 +22 +23 +24 +25 +26 +27 +28 +29 +30 +31 +32 +33 +34 +35 +36 +37 +38 +39 +40 +41 +42 +43 +44 +45 +46 +47 +48 +49 +50 +51 +52 +53 +54 +55 +56 +57 +58 +59 +60 +61 +62 +63 +64 +65 +66 +67 +68 +69 +70 +71 +72 +73 +74 +75 +76 +77 +78 +79 +80 +81 +82 +83 +84 +85 +86 +87 +88 +89 +90 +91 +92 +93 +94 +95 +96 +97 +98 +99 +100 +101 +102 +103 +104 +105 -106 +112 +107 +120 -122 +113 +109 +111 -121 +118 -114 -119 +124 +117 +115 -116 +108 -110 +123)
(+1 +2 +3 +4 +5 +6 +7 +8 +9 +10 +11 +12 +13 +14 +15 +16 +17 +18 +19 +20 +21 +22 +23 +24 +25 +26 +27 +28 +29 +30 +31 +32 +33 +34 +35 +36 +37 +38 +39 +40 +41 +42 +43 +44 +45 +46 +47 +48 +49 +50 +51 +52 +53 +54 +55 +56 +57 +58 +59 +60 +61 +62 +63 +64 +65 +66 +67 +68 +69 +70 +71 +72 +73 +74 +75 +76 +77 +78 +79 +80 +81 +82 +83 +84 +85 +86 +87 +88 +89 +90 +91 +92 +93 +94 +95 +96 +97 +98 +99 +100 +101 +102 +103 +104 +105 +106 +112 +107 +120 -122 +113 +109 +111 -121 +118 -114 -119 +124 +117 +115 -116 +108 -110 +123)
(+1 +2 +3 +4 +5 +6 +7 +8 +9 +10 +11 +12 +13 +14 +15 +16 +17 +18 +19 +20 +21 +22 +23 +24 +25 +26 +27 +28 +29 +30 +31 +32 +33 +34 +35 +36 +37 +38 +39 +40 +41 +42 +43 +44 +45 +46 +47 +48 +49 +50 +51 +52 +53 +54 +55 +56 +57 +58 +59 +60 +61 +62 +63 +64 +65 +66 +67 +68 +69 +70 +71 +72 +73 +74 +75 +76 +77 +78 +79 +80 +81 +82 +83 +84 +85 +86 +87 +88 +89 +90 +91 +92 +93 +94 +95 +96 +97 +98 +99 +100 +101 +102 +103 +104 +105 +106 -107 -112 +120 -122 +113 +109 +111 -121 +118 -114 -119 +124 +117 +115 -116 +108 -110 +123)
(+1 +2 +3 +4 +5 +6 +7 +8 +9 +10 +11 +12 +13 +14 +15 +16 +17 +18 +19 +20 +21 +22 +23 +24 +25 +26 +27 +28 +29 +30 +31 +32 +33 +34 +35 +36 +37 +38 +39 +40 +41 +42 +43 +44 +45 +46 +47 +48 +49 +50 +51 +52 +53 +54 +55 +56 +57 +58 +59 +60 +61 +62 +63 +64 +65 +66 +67 +68 +69 +70 +71 +72 +73 +74 +75 +76 +77 +78 +79 +80 +81 +82 +83 +84 +85 +86 +87 +88 +89 +90 +91 +92 +93 +94 +95 +96 +97 +98 +99 +100 +101 +102 +103 +104 +105 +106 +107 -112 +120 -122 +113 +109 +111 -121 +118 -114 -119 +124 +117 +115 -116 +108 -110 +123)
(+1 +2 +3 +4 +5 +6 +7 +8 +9 +10 +11 +12 +13 +14 +15 +16 +17 +18 +19 +20 +21 +22 +23 +24 +25 +26 +27 +28 +29 +30 +31 +32 +33 +34 +35 +36 +37 +38 +39 +40 +41 +42 +43 +44 +45 +46 +47 +48 +49 +50 +51 +52 +53 +54 +55 +56 +57 +58 +59 +60 +61 +62 +63 +64 +65 +66 +67 +68 +69 +70 +71 +72 +73 +74 +75 +76 +77 +78 +79 +80 +81 +82 +83 +84 +85 +86 +87 +88 +89 +90 +91 +92 +93 +94 +95 +96 +97 +98 +99 +100 +101 +102 +103 +104 +105 +106 +107 -108 +116 -115 -117 -124 +119 +114 -118 +121 -111 -109 -113 +122 -120 +112 -110 +123)
(+1 +2 +3 +4 +5 +6 +7 +8 +9 +10 +11 +12 +13 +14 +15 +16 +17 +18 +19 +20 +21 +22 +23 +24 +25 +26 +27 +28 +29 +30 +31 +32 +33 +34 +35 +36 +37 +38 +39 +40 +41 +42 +43 +44 +45 +46 +47 +48 +49 +50 +51 +52 +53 +54 +55 +56 +57 +58 +59 +60 +61 +62 +63 +64 +65 +66 +67 +68 +69 +70 +71 +72 +73 +74 +75 +76 +77 +78 +79 +80 +81 +82 +83 +84 +85 +86 +87 +88 +89 +90 +91 +92 +93 +94 +95 +96 +97 +98 +99 +100 +101 +102 +103 +104 +105 +106 +107 +108 +116 -115 -117 -124 +119 +114 -118 +121 -111 -109 -113 +122 -120 +112 -110 +123)
(+1 +2 +3 +4 +5 +6 +7 +8 +9 +10 +11 +12 +13 +14 +15 +16 +17 +18 +19 +20 +21 +22 +23 +24 +25 +26 +27 +28 +29 +30 +31 +32 +33 +34 +35 +36 +37 +38 +39 +40 +41 +42 +43 +44 +45 +46 +47 +48 +49 +50 +51 +52 +53 +54 +55 +56 +57 +58 +59 +60 +61 +62 +63 +64 +65 +66 +67 +68 +69 +70 +71 +72 +73 +74 +75 +76 +77 +78 +79 +80 +81 +82 +83 +84 +85 +86 +87 +88 +89 +90 +91 +92 +93 +94 +95 +96 +97 +98 +99 +100 +101 +102 +103 +104 +105 +106 +107 +108 +109 +111 -121 +118 -114 -119 +124 +117 +115 -116 -113 +122 -120 +112 -110 +123)
(+1 +2 +3 +4 +5 +6 +7 +8 +9 +10 +11 +12 +13 +14 +15 +16 +17 +18 +19 +20 +21 +22 +23 +24 +25 +26 +27 +28 +29 +30 +31 +32 +33 +34 +35 +36 +37 +38 +39 +40 +41 +42 +43 +44 +45 +46 +47 +48 +49 +50 +51 +52 +53 +54 +55 +56 +57 +58 +59 +60 +61 +62 +63 +64 +65 +66 +67 +68 +69 +70 +71 +72 +73 +74 +75 +76 +77 +78 +79 +80 +81 +82 +83 +84 +85 +86 +87 +88 +89 +90 +91 +92 +93 +94 +95 +96 +97 +98 +99 +100 +101 +102 +103 +104 +105 +106 +107 +108 +109 +110 -112 +120 -122 +113 +116 -115 -117 -124 +119 +114 -118 +121 -111 +123)
(+1 +2 +3 +4 +5 +6 +7 +8 +9 +10 +11 +12 +13 +14 +15 +16 +17 +18 +19 +20 +21 +22 +23 +24 +25 +26 +27 +28 +29 +30 +31 +32 +33 +34 +35 +36 +37 +38 +39 +40 +41 +42 +43 +44 +45 +46 +47 +48 +49 +50 +51 +52 +53 +54 +55 +56 +57 +58 +59 +60 +61 +62 +63 +64 +65 +66 +67 +68 +69 +70 +71 +72 +73 +74 +75 +76 +77 +78 +79 +80 +81 +82 +83 +84 +85 +86 +87 +88 +89 +90 +91 +92 +93 +94 +95 +96 +97 +98 +99 +100 +101 +102 +103 +104 +105 +106 +107 +108 +109 +110 +111 -121 +118 -114 -119 +124 +117 +115 -116 -113 +122 -120 +112 +123)
(+1 +2 +3 +4 +5 +6 +7 +8 +9 +10 +11 +12 +13 +14 +15 +16 +17 +18 +19 +20 +21 +22 +23 +24 +25 +26 +27 +28 +29 +30 +31 +32 +33 +34 +35 +36 +37 +38 +39 +40 +41 +42 +43 +44 +45 +46 +47 +48 +49 +50 +51 +52 +53 +54 +55 +56 +57 +58 +59 +60 +61 +62 +63 +64 +65 +66 +67 +68 +69 +70 +71 +72 +73 +74 +75 +76 +77 +78 +79 +80 +81 +82 +83 +84 +85 +86 +87 +88 +89 +90 +91 +92 +93 +94 +95 +96 +97 +98 +99 +100 +101 +102 +103 +104 +105 +106 +107 +108 +109 +110 +111 -112 +120 -122 +113 +116 -115 -117 -124 +119 +114 -118 +121 +123)
(+1 +2 +3 +4 +5 +6 +7 +8 +9 +10 +11 +12 +13 +14 +15 +16 +17 +18 +19 +20 +21 +22 +23 +24 +25 +26 +27 +28 +29 +30 +31 +32 +33 +34 +35 +36 +37 +38 +39 +40 +41 +42 +43 +44 +45 +46 +47 +48 +49 +50 +51 +52 +53 +54 +55 +56 +57 +58 +59 +60 +61 +62 +63 +64 +65 +66 +67 +68 +69 +70 +71 +72 +73 +74 +75 +76 +77 +78 +79 +80 +81 +82 +83 +84 +85 +86 +87 +88 +89 +90 +91 +92 +93 +94 +95 +96 +97 +98 +99 +100 +101 +102 +103 +104 +105 +106 +107 +108 +109 +110 +111 +112 +120 -122 +113 +116 -115 -117 -124 +119 +114 -118 +121 +123)
(+1 +2 +3 +4 +5 +6 +7 +8 +9 +10 +11 +12 +13 +14 +15 +16 +17 +18 +19 +20 +21 +22 +23 +24 +25 +26 +27 +28 +29 +30 +31 +32 +33 +34 +35 +36 +37 +38 +39 +40 +41 +42 +43 +44 +45 +46 +47 +48 +49 +50 +51 +52 +53 +54 +55 +56 +57 +58 +59 +60 +61 +62 +63 +64 +65 +66 +67 +68 +69 +70 +71 +72 +73 +74 +75 +76 +77 +78 +79 +80 +81 +82 +83 +84 +85 +86 +87 +88 +89 +90 +91 +92 +93 +94 +95 +96 +97 +98 +99 +100 +101 +102 +103 +104 +105 +106 +107 +108 +109 +110 +111 +112 -113 +122 -120 +116 -115 -117 -124 +119 +114 -118 +121 +123)
(+1 +2 +3 +4 +5 +6 +7 +8 +9 +10 +11 +12 +13 +14 +15 +16 +17 +18 +19 +20 +21 +22 +23 +24 +25 +26 +27 +28 +29 +30 +31 +32 +33 +34 +35 +36 +37 +38 +39 +40 +41 +42 +43 +44 +45 +46 +47 +48 +49 +50 +51 +52 +53 +54 +55 +56 +57 +58 +59 +60 +61 +62 +63 +64 +65 +66 +67 +68 +69 +70 +71 +72 +73 +74 +75 +76 +77 +78 +79 +80 +81 +82 +83 +84 +85 +86 +87 +88 +89 +90 +91 +92 +93 +94 +95 +96 +97 +98 +99 +100 +101 +102 +103 +104 +105 +106 +107 +108 +109 +110 +111 +112 +113 +122 -120 +116 -115 -117 -124 +119 +114 -118 +121 +123)
(+1 +2 +3 +4 +5 +6 +7 +8 +9 +10 +11 +12 +13 +14 +15 +16 +17 +18 +19 +20 +21 +22 +23 +24 +25 +26 +27 +28 +29 +30 +31 +32 +33 +34 +35 +36 +37 +38 +39 +40 +41 +42 +43 +44 +45 +46 +47 +48 +49 +50 +51 +52 +53 +54 +55 +56 +57 +58 +59 +60 +61 +62 +63 +64 +65 +66 +67 +68 +69 +70 +71 +72 +73 +74 +75 +76 +77 +78 +79 +80 +81 +82 +83 +84 +85 +86 +87 +88 +89 +90 +91 +92 +93 +94 +95 +96 +97 +98 +99 +100 +101 +102 +103 +104 +105 +106 +107 +108 +109 +110 +111 +112 +113 -114 -119 +124 +117 +115 -116 +120 -122 -118 +121 +123)
(+1 +2 +3 +4 +5 +6 +7 +8 +9 +10 +11 +12 +13 +14 +15 +16 +17 +18 +19 +20 +21 +22 +23 +24 +25 +26 +27 +28 +29 +30 +31 +32 +33 +34 +35 +36 +37 +38 +39 +40 +41 +42 +43 +44 +45 +46 +47 +48 +49 +50 +51 +52 +53 +54 +55 +56 +57 +58 +59 +60 +61 +62 +63 +64 +65 +66 +67 +68 +69 +70 +71 +72 +73 +74 +75 +76 +77 +78 +79 +80 +81 +82 +83 +84 +85 +86 +87 +88 +89 +90 +91 +92 +93 +94 +95 +96 +97 +98 +99 +100 +101 +102 +103 +104 +105 +106 +107 +108 +109 +110 +111 +112 +113 +114 -119 +124 +117 +115 -116 +120 -122 -118 +121 +123)
(+1 +2 +3 +4 +5 +6 +7 +8 +9 +10 +11 +12 +13 +14 +15 +16 +17 +18 +19 +20 +21 +22 +23 +24 +25 +26 +27 +28 +29 +30 +31 +32 +33 +34 +35 +36 +37 +38 +39 +40 +41 +42 +43 +44 +45 +46 +47 +48 +49 +50 +51 +52 +53 +54 +55 +56 +57 +58 +59 +60 +61 +62 +63 +64 +65 +66 +67 +68 +69 +70 +71 +72 +73 +74 +75 +76 +77 +78 +79 +80 +81 +82 +83 +84 +85 +86 +87 +88 +89 +90 +91 +92 +93 +94 +95 +96 +97 +98 +99 +100 +101 +102 +103 +104 +105 +106 +107 +108 +109 +110 +111 +112 +113 +114 -115 -117 -124 +119 -116 +120 -122 -118 +121 +123)
(+1 +2 +3 +4 +5 +6 +7 +8 +9 +10 +11 +12 +13 +14 +15 +16 +17 +18 +19 +20 +21 +22 +23 +24 +25 +26 +27 +28 +29 +30 +31 +32 +33 +34 +35 +36 +37 +38 +39 +40 +41 +42 +43 +44 +45 +46 +47 +48 +49 +50 +51 +52 +53 +54 +55 +56 +57 +58 +59 +60 +61 +62 +63 +64 +65 +66 +67 +68 +69 +70 +71 +72 +73 +74 +75 +76 +77 +78 +79 +80 +81 +82 +83 +84 +85 +86 +87 +88 +89 +90 +91 +92 +93 +94 +95 +96 +97 +98 +99 +100 +101 +102 +103 +104 +105 +106 +107 +108 +109 +110 +111 +112 +113 +114 +115 -117 -124 +119 -116 +120 -122 -118 +121 +123)
(+1 +2 +3 +4 +5 +6 +7 +8 +9 +10 +11 +12 +13 +14 +15 +16 +17 +18 +19 +20 +21 +22 +23 +24 +25 +26 +27 +28 +29 +30 +31 +32 +33 +34 +35 +36 +37 +38 +39 +40 +41 +42 +43 +44 +45 +46 +47 +48 +49 +50 +51 +52 +53 +54 +55 +56 +57 +58 +59 +60 +61 +62 +63 +64 +65 +66 +67 +68 +69 +70 +71 +72 +73 +74 +75 +76 +77 +78 +79 +80 +81 +82 +83 +84 +85 +86 +87 +88 +89 +90 +91 +92 +93 +94 +95 +96 +97 +98 +99 +100 +101 +102 +103 +104 +105 +106 +107 +108 +109 +110 +111 +112 +113 +114 +115 +116 -119 +124 +117 +120 -122 -118 +121 +123)
(+1 +2 +3 +4 +5 +6 +7 +8 +9 +10 +11 +12 +13 +14 +15 +16 +17 +18 +19 +20 +21 +22 +23 +24 +25 +26 +27 +28 +29 +30 +31 +32 +33 +34 +35 +36 +37 +38 +39 +40 +41 +42 +43 +44 +45 +46 +47 +48 +49 +50 +51 +52 +53 +54 +55 +56 +57 +58 +59 +60 +61 +62 +63 +64 +65 +66 +67 +68 +69 +70 +71 +72 +73 +74 +75 +76 +77 +78 +79 +80 +81 +82 +83 +84 +85 +86 +87 +88 +89 +90 +91 +92 +93 +94 +95 +96 +97 +98 +99 +100 +101 +102 +103 +104 +105 +106 +107 +108 +109 +110 +111 +112 +113 +114 +115 +116 -117 -124 +119 +120 -122 -118 +121 +123)
(+1 +2 +3 +4 +5 +6 +7 +8 +9 +10 +11 +12 +13 +14 +15 +16 +17 +18 +19 +20 +21 +22 +23 +24 +25 +26 +27 +28 +29 +30 +31 +32 +33 +34 +35 +36 +37 +38 +39 +40 +41 +42 +43 +44 +45 +46 +47 +48 +49 +50 +51 +52 +53 +54 +55 +56 +57 +58 +59 +60 +61 +62 +63 +64 +65 +66 +67 +68 +69 +70 +71 +72 +73 +74 +75 +76 +77 +78 +79 +80 +81 +82 +83 +84 +85 +86 +87 +88 +89 +90 +91 +92 +93 +94 +95 +96 +97 +98 +99 +100 +101 +102 +103 +104 +105 +106 +107 +108 +109 +110 +111 +112 +113 +114 +115 +116 +117 -124 +119 +120 -122 -118 +121 +123)
(+1 +2 +3 +4 +5 +6 +7 +8 +9 +10 +11 +12 +13 +14 +15 +16 +17 +18 +19 +20 +21 +22 +23 +24 +25 +26 +27 +28 +29 +30 +31 +32 +33 +34 +35 +36 +37 +38 +39 +40 +41 +42 +43 +44 +45 +46 +47 +48 +49 +50 +51 +52 +53 +54 +55 +56 +57 +58 +59 +60 +61 +62 +63 +64 +65 +66 +67 +68 +69 +70 +71 +72 +73 +74 +75 +76 +77 +78 +79 +80 +81 +82 +83 +84 +85 +86 +87 +88 +89 +90 +91 +92 +93 +94 +95 +96 +97 +98 +99 +100 +101 +102 +103 +104 +105 +106 +107 +108 +109 +110 +111 +112 +113 +114 +115 +116 +117 +118 +122 -120 -119 +124 +121 +123)
(+1 +2 +3 +4 +5 +6 +7 +8 +9 +10 +11 +12 +13 +14 +15 +16 +17 +18 +19 +20 +21 +22 +23 +24 +25 +26 +27 +28 +29 +30 +31 +32 +33 +34 +35 +36 +37 +38 +39 +40 +41 +42 +43 +44 +45 +46 +47 +48 +49 +50 +51 +52 +53 +54 +55 +56 +57 +58 +59 +60 +61 +62 +63 +64 +65 +66 +67 +68 +69 +70 +71 +72 +73 +74 +75 +76 +77 +78 +79 +80 +81 +82 +83 +84 +85 +86 +87 +88 +89 +90 +91 +92 +93 +94 +95 +96 +97 +98 +99 +100 +101 +102 +103 +104 +105 +106 +107 +108 +109 +110 +111 +112 +113 +114 +115 +116 +117 +118 +119 +120 -122 +124 +121 +123)
(+1 +2 +3 +4 +5 +6 +7 +8 +9 +10 +11 +12 +13 +14 +15 +16 +17 +18 +19 +20 +21 +22 +23 +24 +25 +26 +27 +28 +29 +30 +31 +32 +33 +34 +35 +36 +37 +38 +39 +40 +41 +42 +43 +44 +45 +46 +47 +48 +49 +50 +51 +52 +53 +54 +55 +56 +57 +58 +59 +60 +61 +62 +63 +64 +65 +66 +67 +68 +69 +70 +71 +72 +73 +74 +75 +76 +77 +78 +79 +80 +81 +82 +83 +84 +85 +86 +87 +88 +89 +90 +91 +92 +93 +94 +95 +96 +97 +98 +99 +100 +101 +102 +103 +104 +105 +106 +107 +108 +109 +110 +111 +112 +113 +114 +115 +116 +117 +118 +119 +120 -121 -124 +122 +123)
(+1 +2 +3 +4 +5 +6 +7 +8 +9 +10 +11 +12 +13 +14 +15 +16 +17 +18 +19 +20 +21 +22 +23 +24 +25 +26 +27 +28 +29 +30 +31 +32 +33 +34 +35 +36 +37 +38 +39 +40 +41 +42 +43 +44 +45 +46 +47 +48 +49 +50 +51 +52 +53 +54 +55 +56 +57 +58 +59 +60 +61 +62 +63 +64 +65 +66 +67 +68 +69 +70 +71 +72 +73 +74 +75 +76 +77 +78 +79 +80 +81 +82 +83 +84 +85 +86 +87 +88 +89 +90 +91 +92 +93 +94 +95 +96 +97 +98 +99 +100 +101 +102 +103 +104 +105 +106 +107 +108 +109 +110 +111 +112 +113 +114 +115 +116 +117 +118 +119 +120 +121 -124 +122 +123)
(+1 +2 +3 +4 +5 +6 +7 +8 +9 +10 +11 +12 +13 +14 +15 +16 +17 +18 +19 +20 +21 +22 +23 +24 +25 +26 +27 +28 +29 +30 +31 +32 +33 +34 +35 +36 +37 +38 +39 +40 +41 +42 +43 +44 +45 +46 +47 +48 +49 +50 +51 +52 +53 +54 +55 +56 +57 +58 +59 +60 +61 +62 +63 +64 +65 +66 +67 +68 +69 +70 +71 +72 +73 +74 +75 +76 +77 +78 +79 +80 +81 +82 +83 +84 +85 +86 +87 +88 +89 +90 +91 +92 +93 +94 +95 +96 +97 +98 +99 +100 +101 +102 +103 +104 +105 +106 +107 +108 +109 +110 +111 +112 +113 +114 +115 +116 +117 +118 +119 +120 +121 -122 +124 +123)
(+1 +2 +3 +4 +5 +6 +7 +8 +9 +10 +11 +12 +13 +14 +15 +16 +17 +18 +19 +20 +21 +22 +23 +24 +25 +26 +27 +28 +29 +30 +31 +32 +33 +34 +35 +36 +37 +38 +39 +40 +41 +42 +43 +44 +45 +46 +47 +48 +49 +50 +51 +52 +53 +54 +55 +56 +57 +58 +59 +60 +61 +62 +63 +64 +65 +66 +67 +68 +69 +70 +71 +72 +73 +74 +75 +76 +77 +78 +79 +80 +81 +82 +83 +84 +85 +86 +87 +88 +89 +90 +91 +92 +93 +94 +95 +96 +97 +98 +99 +100 +101 +102 +103 +104 +105 +106 +107 +108 +109 +110 +111 +112 +113 +114 +115 +116 +117 +118 +119 +120 +121 +122 +124 +123)
(+1 +2 +3 +4 +5 +6 +7 +8 +9 +10 +11 +12 +13 +14 +15 +16 +17 +18 +19 +20 +21 +22 +23 +24 +25 +26 +27 +28 +29 +30 +31 +32 +33 +34 +35 +36 +37 +38 +39 +40 +41 +42 +43 +44 +45 +46 +47 +48 +49 +50 +51 +52 +53 +54 +55 +56 +57 +58 +59 +60 +61 +62 +63 +64 +65 +66 +67 +68 +69 +70 +71 +72 +73 +74 +75 +76 +77 +78 +79 +80 +81 +82 +83 +84 +85 +86 +87 +88 +89 +90 +91 +92 +93 +94 +95 +96 +97 +98 +99 +100 +101 +102 +103 +104 +105 +106 +107 +108 +109 +110 +111 +112 +113 +114 +115 +116 +117 +118 +119 +120 +121 +122 -123 -124)
(+1 +2 +3 +4 +5 +6 +7 +8 +9 +10 +11 +12 +13 +14 +15 +16 +17 +18 +19 +20 +21 +22 +23 +24 +25 +26 +27 +28 +29 +30 +31 +32 +33 +34 +35 +36 +37 +38 +39 +40 +41 +42 +43 +44 +45 +46 +47 +48 +49 +50 +51 +52 +53 +54 +55 +56 +57 +58 +59 +60 +61 +62 +63 +64 +65 +66 +67 +68 +69 +70 +71 +72 +73 +74 +75 +76 +77 +78 +79 +80 +81 +82 +83 +84 +85 +86 +87 +88 +89 +90 +91 +92 +93 +94 +95 +96 +97 +98 +99 +100 +101 +102 +103 +104 +105 +106 +107 +108 +109 +110 +111 +112 +113 +114 +115 +116 +117 +118 +119 +120 +121 +122 +123 -124)
(+1 +2 +3 +4 +5 +6 +7 +8 +9 +10 +11 +12 +13 +14 +15 +16 +17 +18 +19 +20 +21 +22 +23 +24 +25 +26 +27 +28 +29 +30 +31 +32 +33 +34 +35 +36 +37 +38 +39 +40 +41 +42 +43 +44 +45 +46 +47 +48 +49 +50 +51 +52 +53 +54 +55 +56 +57 +58 +59 +60 +61 +62 +63 +64 +65 +66 +67 +68 +69 +70 +71 +72 +73 +74 +75 +76 +77 +78 +79 +80 +81 +82 +83 +84 +85 +86 +87 +88 +89 +90 +91 +92 +93 +94 +95 +96 +97 +98 +99 +100 +101 +102 +103 +104 +105 +106 +107 +108 +109 +110 +111 +112 +113 +114 +115 +116 +117 +118 +119 +120 +121 +122 +123 +124)